Distinct_name	resident_num	longitude	latitude
东惠家园	2878	117.267856	39.161639
诚基经贸中心	7152	117.208542	39.123121
东瑞家园	3248	117.267208	39.163709
奥城公寓	3685	117.17686	39.082922
盛世嘉园	3576	117.263711	39.159828
万科四季花城	5111	117.044553	39.057813
时代奥城	3450	117.171691	39.083314
中海御湖翰苑	1450	117.155517	39.087788
风荷新园	1173	117.174378	39.13724
新城小区	4158	117.244525	39.095748
格调春天花园	1890	117.166056	39.141354
尚佳新苑	1752	117.185217	39.15068
富力湾天阔园	2533	117.095288	39.138001
仁恒海河广场	1552	117.198361	39.143187
富力城天霖园	1766	117.180521	39.145065
景兴西里	3369	117.226692	39.106714
城市之光月光园	1801	117.21914	39.14651
龙亭家园	1632	117.191832	39.150826
宝龙湾家园	1587	117.172022	39.146957
东康家园	984	117.268027	39.158681
富力城天越园	1611	117.18057	39.150021
富力津门湖江湾广场	1750	117.215699	39.068834
华亭国际	3220	117.078008	39.122225
华润橡树湾	5370	117.402324	39.180946
福盛花园	2262	117.233905	39.107568
阳光壹佰东园	2903	117.159323	39.077174
园荫里	1766	117.15162	39.096116
煦园新居	1031	117.192967	39.14553
首创国际半岛	5626	116.839353	39.643131
新汇华庭	1869	117.194909	39.140305
九州国际	1763	117.185949	39.143764
临渭佳园	1492	117.150084	39.140116
假日风景花园	2623	117.085906	39.129061
铜锣湾花园	768	117.194821	39.14418
富力又一城	13469	117.399436	39.008119
富力桃园天富园	2818	117.27840633615	39.038813268175
金领国际	1762	117.184861	39.155897
彩丽园	3494	117.296781	39.15747
海汇名邸	1253	117.231479	39.116725
城际美景家园	2461	117.122686	39.283081
北宁湾-宁宇家园	2264	117.215351	39.187218
金谷园	1415	117.164431	39.077638
兰江新苑	2710	117.261443	39.06112
天房美域豪庭	2541	117.195248	39.063252
金德园	1434	117.197134	39.124086
朗钜维尔蓝堤花园	1618	117.495629	39.197836
金狮家园	2509	117.212287	39.156065
海景雅苑	1481	117.246584	39.096679
文静里	1338	117.205464	39.099941
环球金融中心津塔公寓	690	117.208115	39.134968
水上温泉花园	1491	117.159378	39.086976
水郡花园	993	117.150703	39.152868
水畔花园	946	117.15796	39.147779
金茂广场	1341	117.188534	39.136918
艺术公寓	1709	117.194639	39.150805
富力城天康园	1200	117.180589	39.15049
静德花园	1691	117.194856	39.148958
蓝水园	873	117.219011	39.071741
仁恒河滨花园	2506	117.192928	39.165618
金湾花园	2403	117.259521	39.133875
海逸长洲瀚景园	1547	117.219661	39.064849
天华里	2758	117.142027	39.085825
龙都花园	1681	117.232039	39.106107
玉水园	1683	117.21982	39.077423
河怡花园	3328	117.139953	39.173079
第六大道第博雅园	2160	117.270844	39.121901
瑞海名苑	1863	117.20503	39.147832
锋泛国际	1074	117.148602	39.104607
湯臣津湾一品	2707	117.21636	39.135491
元兴新里	2352	117.214841	39.109691
大园新居	2216	117.139254	39.152693
香水园	1771	117.215791	39.076424
富邦花园	505	117.227692	39.112351
城市之星大厦	919	117.220034	39.149335
中豪世纪花园	623	117.225656	39.100788
新世界花园	831	117.191263	39.140365
俊城浅水湾	1726	117.164434	39.069744
吉利花园	1797	117.199419	39.123913
水岸江南天湾园	1067	117.23051	39.041381
新天地家园	1834	117.227473	39.147294
新春花苑	1889	117.174453	39.151994
宜天花园	1202	117.191364	39.129355
五一阳光皓日园	828	117.204344	39.080065
红磡领世郡普泰花园	2176	117.280931	39.026716
日华里	1385	117.135774	39.092224
金环里	1993	117.145898	39.105944
龙海公寓	2670	117.237651	39.10901
都会轩	953	117.206924	39.123009
凤仪园	745	117.184457	39.136979
兴业家园	1154	117.164211	39.130972
金地格林世界棕榈苑D区	3365	117.323882	39.053113
紫玉园	1354	117.283612	39.155079
融创中央学府	5051	117.39061	39.01161
居华里	2021	117.151072	39.084677
金合园	1137	117.163339	39.078917
晋丰大厦	1096	117.182901	39.143739
滨河新苑	4186	117.265179	39.091919
阳光壹佰西园	1920	117.157176	39.077006
前程里(河西区)	1258	117.227833	39.101605
春和仁居	2862	117.241397	39.182628
民畅园	2640	117.13709	39.172625
城市之光别馆公寓	682	117.220058	39.147027
敬重里	954	117.226638	39.115477
秋实园	1562	117.214169	39.150047
嘉畅园	1280	117.248584	39.184624
天津碧桂园	6651	117.341388	38.950537
新世纪城	1925	117.21178	39.080497
康达尚郡	625	117.136643	39.096693
芳水园	1049	117.216113	39.075367
地华里	1519	117.133072	39.091198
雅境新枫尚	1508	117.244765	39.046918
景福里	1423	117.229183	39.104061
安华里	2026	117.14853	39.08306
珠海里	2034	117.218288	39.105458
太阳城金旭园	2268	117.283348	39.165693
仁恒滨河湾	3440	117.39966	39.013685
水溪苑	2198	117.095422	39.130325
金厦里	1416	117.150778	39.102538
万科金域华府	3925	117.364295	39.091331
柏丽花园	2645	117.247655	39.150228
裕阳花园	1335	117.22059	39.143397
泰达星海湾	2485	117.697012	38.915181
中海八里臺	1779	117.189605	39.104082
花溪苑	1617	117.092512	39.128996
如意大厦	1054	117.178983	39.14339
阳光壹佰北园	2069	117.156771	39.079313
秀丽园	1690	117.29114	39.158359
北斗花园	1398	117.21887	39.157159
北开花园	1344	117.187355	39.160944
盈江西里	1591	117.141663	39.109544
四化里(河西)	1319	117.209498	39.106609
美丽心殿	1262	117.153853	39.114604
万科金色雅筑北苑	2226	117.312643	39.113692
观园公寓	1740	117.156748	39.088729
中海国际公园城		[]	
阳光星期八昕旺北苑	2114	117.26066	39.144068
凤园北里	1300	117.154504	39.096621
太阳城橙翠园	1821	117.283097	39.164212
富瀛洲花园	1964	117.233154	39.187657
朗文名邸	3664	117.198352	39.110517
瑞湾花园	930	117.138578	39.139934
保利大都会天汇雅苑	978	117.196105	39.138658
向荣里	1274	117.205222	39.101549
富裕广场	1511	117.235771	39.108806
红磡公寓	1126	117.178281	39.124912
尚都家园	2141	117.187406	39.159177
怀仁里	1128	117.176235	39.142319
林苑东里	1108	117.152296	39.09488
凯盛家园	895	117.136637	39.141317
佳音里	1182	117.179397	39.123338
景悦公寓	612	117.261699	39.115543
金融街融御-融景华庭	742	117.21213	39.136195
迎风里	1883	117.154037	39.090014
金田花园	2049	117.211862	39.158953
万科魅力之城兰雅苑	1608	117.367674	39.092591
保利金香槟	674	117.19644	39.140906
宝德里	984	117.225021	39.115162
福至里	934	117.223727	39.113412
明家庄园	1933	117.311639	39.105093
招商钻石山	2587	117.18855	39.080339
芳水河畔家园	1095	117.280457	39.118173
碧华里	1442	117.148139	39.086007
四季馨园	1943	117.263874	39.070682
建新东里	4845	117.303121	39.096924
盛和家园	2764	117.19288	39.193555
中裕园	757	117.223763	39.103155
林苑西里	1911	117.148854	39.092476
晓星园	814	117.232269	39.105307
恒大绿洲花园	2078	117.479486	39.202582
广泰园	742	117.174347	39.142005
蔚蓝轩	338	117.190047	39.088425
金隅悦城	4908	117.328093	39.113538
久华里	1291	117.14158	39.094411
远洋香奈	1308	117.028101	39.382297
凯立花园	707	117.179453	39.126889
雪莲东里	1451	117.29864	39.149574
谊城公寓	2092	117.214958	39.084144
仕林苑	935	117.291603	39.06325
通达尚城	1559	117.244281	39.087758
三潭东里	2693	117.160563	39.124051
宏城御溪园	1555	117.161039	39.056988
淮盛园	1905	117.198598	39.221654
新城家园	6158	117.708044	39.019176
融创星耀五洲	8938	117.363058	38.907186
喜年广场	2241	117.238839	39.051212
三合里	675	117.204495	39.104481
莹华里	1547	117.147537	39.088797
北宁湾-宁静家园	1495	117.216685	39.18504
津尚花园	956	117.045972	39.069289
新安花园	547	117.196199	39.145041
城南家园	821	117.181296	39.142508
晓镇家园	4864	117.676552	39.054035
天津雅颂居	1282	117.224374	39.133103
世昌里	1104	117.196949	39.122688
阳光星期八昕旺南苑	1605	117.261728	39.141193
宝翠花都瞰景园	2068	117.114332	39.203691
泰达园	858	117.219929	39.110769
太阳城绿萱园	1429	117.285815	39.158967
凤园里	1140	117.154298	39.09376
同方花园	841	117.196864	39.135202
祥和里	1171	117.224078	39.098546
水乡花园	672	117.169246	39.085576
爱国北里	1336	117.224338	39.104271
林苑北里	2134	117.146101	39.095454
晴川花园	693	117.135781	39.134791
悦府家园	721	117.185674	39.141305
太阳城蓝山园	934	117.28334	39.158694
华夏津典畅水园	1165	117.230091	39.062069
府上和平	806	117.206007	39.12156
云广新里	1637	117.244191	39.098899
尚东雅园	1373	117.263424	39.129307
淮祥园	1790	117.199996	39.220736
嘉华里	2139	117.250165	39.135188
靓东花园	1188	117.308463	39.103133
五一阳光尊园	927	117.202481	39.07711
华馨公寓	2004	117.231615	39.1429
航天北里	1290	117.16404	39.108144
紫瑞园	2076	117.126006	39.215858
松江城武台馨苑	2471	117.174904	39.061022
学湖里	2016	117.170918	39.11832
西楼北里	2024	117.223188	39.10831
永基花园	1198	117.174588	39.143656
天江格调花园	963	117.171694	39.137177
凯立天香家园	862	117.163593	39.136093
融侨观邸	955	117.170732	39.133149
万春花园	1013	117.217641	39.151056
迎水南里	393	117.153422	39.098233
御河湾新苑	1797	117.180232	39.160394
海河大观	4014	117.241888	39.106969
鹤望里	1122	117.227375	39.104313
北岸华庭	981	117.214233	39.153421
龙禧园	4298	117.151998	39.166954
海逸长洲恋海园	1330	117.222612	39.059967
惠灵顿河庭花苑	2201	117.186153	39.153875
第六大道陆典庭园	1163	117.275148	39.121987
翠水园	727	117.221996	39.07279
凤园南里	1476	117.15454	39.093473
淦江东里	1088	117.152933	39.107136
远洋万和城	2412	117.231753	39.033004
博朗园	1886	117.174063	39.133253
旭辉御府	3268	117.074437	39.120126
新博园	1730	117.221833	39.152592
金海湾花园	2012	117.277151	39.08043
中国铁建国际城诗景颂苑	2019	117.237795	39.173646
社会山花园二区	560	117.055571	39.064568
欧铂城	2592	117.262829	39.236934
近园里	1180	117.181125	39.103161
汇和家园	843	117.214277	39.146301
首创城	4800	117.345056	39.036313
保利大都会天汇尚苑	669	117.192552	39.137294
三水南里	3476	117.269732	39.063518
新闻里	629	117.208245	39.104093
溪水河畔花园	3840	117.27321	39.167926
裕德里	1020	117.198606	39.139022
万东花园	898	117.266509	39.14863
欣悦佳园	1778	117.295815	39.011247
弘泽印象顺水园	693	117.226719	39.062101
松风东里	2804	117.284666	39.151518
熙景园	959	117.12455	39.214526
第六田园优仕公寓	572	117.237434	39.060174
名都新园	1153	117.24044	39.069023
绮华里	1808	117.142116	39.090427
中交樾公馆	1542	117.047789	39.051366
迎水东里	1013	117.155232	39.099844
博兰苑	970	117.204697	39.078119
爱国里	840	117.225843	39.103281
天津华侨城	4686	117.483891	39.197654
景兴里	1295	117.229285	39.106091
惠康家园	536	117.227711	39.149875
天房美域华庭	1270	117.196819	39.06426
金色家园	963	117.24217	39.143842
旺海公府	1470	117.207117	39.151452
十华里	519	117.13344	39.094152
陶然庭苑	4412	117.304208	39.102314
金冠里	1239	117.14615	39.103172
新都花园	738	117.184517	39.125955
瑞德里	1577	117.170976	39.14367
晴景家园	3008	117.676859	39.056423
怀庆里	1497	117.185325	39.132987
泰来嘉园	1812	117.187754	39.188902
风湖里	2064	117.166613	39.119587
滨海智谛山	2976	117.686485	39.047121
华宁南里	1761	117.146585	39.107501
华亭丽园	2502	117.094328	39.126752
颂禹里	1200	117.170708	39.135491
万科水晶城皓石园	502	117.234678	39.057135
南华里	1437	117.232774	39.110265
心之筑汇颐花园	864	117.187494	39.068281
天津湾海景文苑	1150	117.245336	39.095822
桦林园	867	117.167052	39.146412
瑞益园	2191	117.127643	39.215218
和瑞园	1629	117.179479	39.063904
惠森花园	849	117.222452	39.141904
欣水园	573	117.219776	39.069625
盈润园	1975	117.084665	39.124737
荣庆园	492	117.190427	39.137343
金泰丽舍	4381	117.02782736473	39.371156875196
旭水蓝轩	1889	117.11006	39.124353
阅湖苑	1584	117.511054	39.184268
安德公寓	1799	117.218059	39.109171
益寿里	381	117.20242	39.121023
风采里	3435	117.171652	39.182764
恒大山水城	3344	116.963644	39.490118
台北花园	626	117.17349	39.142305
西园西里	1602	117.20879	39.085436
巨福新园	953	117.223287	39.144765
福东北里	2710	117.31174	39.102321
淮兴园	1326	117.196386	39.223593
伴山人家	4158	117.666387	39.058055
津涞花园	1206	117.19181	39.069891
盛达园	1441	117.163769	39.143809
第六大道大洋嘉园	1359	117.276673	39.120825
谊景村	1539	117.219739	39.089602
富力桃园天域园	1252	117.28097951966	39.039112944709
明筑轩	689	117.187871	39.132931
天津大学新园村	2334	117.165045	39.114395
贻成豪庭	14560	117.663059	39.072559
奥林匹克花园玉兰苑	1248	117.125077	39.204399
紫云庭	1621	117.291065	39.100151
怀远里	930	117.188168	39.131924
兴云里	923	117.169792	39.146356
千吉花园	2535	117.184265	39.157554
欣苑公寓	829	117.156411	39.100991
振河里	1797	117.191999	39.10859
团结东里	2634	117.274571	39.111284
华夏津典川水园	900	117.230086	39.065178
清枫园	1472	117.089049	39.135638
程林里	4454	117.26726	39.133361
雅云里	1309	117.147802	39.14943
福林里	528	117.202006	39.116782
龙博花园	1900	117.278008	39.059965
浩天天娇源	1137	117.165193	39.100634
融科金月湾	1564	117.280153	39.098912
堤北里	1477	117.148728	39.102094
长华里	1400	117.145955	39.090232
园荫北里	1194	117.150721	39.09803
文玥里	2226	117.222712	39.088584
侯台花园	1482	117.122719	39.107066
凤凰城	936	117.193032	39.099661
沽上江南	3999	117.395302	38.999845
半岛豪庭天潇园	937	117.230123	39.058641
新文化花园新景居	448	117.190488	39.130876
金地艺境	2710	117.352104	39.02769
天香水畔花园	906	117.16315	39.143271
邮电公寓	1670	117.183509	39.141158
宁月花园	1625	117.287354	39.11034
云丽园	933	117.287943	39.156398
秋瑞家园	3291	117.113868	39.210592
朝园里	758	117.176667	39.139661
盈江里	1876	117.144093	39.108404
气象南里	2338	117.191394	39.093641
松风西里	2356	117.283348	39.150075
雅境花语城	1886	117.24349	39.05483
森淼清华园	812	117.199596	39.116421
瑞江花园兰苑	950	117.236798	39.071286
萦东温泉花园	2533	117.256422	39.119475
福悦里	2593	117.110898	39.135813
格调艺术领地	1572	117.194724	39.190443
仁爱花园	2490	117.152996	39.162338
心贻湾	2535	117.650582	39.062019
社会山南苑	2199	117.053049	39.052708
广林园	599	117.170704	39.142676
龙德里	1439	117.182375	39.127004
欣荣馨苑	2520	117.235095	39.140655
华润中央公园	1458	117.301637	39.010019
万科城盛锦苑	1136	117.502647	39.186722
天江格调兰庭	382	117.169673	39.13496
保利罗兰公馆	868	117.044294	39.075458
瑞宁嘉园	1378	117.131868	39.214379
同安里(南开区)	1227	117.180261	39.125542
级升里	1600	117.17277	39.14481
东舍宅	1588	117.242358	39.104754
新闻西里	594	117.207607	39.102944
万科金奥国际	1012	117.19957	39.070262
金水畔家园	738	117.224724	39.192586
燕宇花园	2484	117.116602	39.131237
阳光晶典	1240	117.192188	39.143844
生昌里	798	117.206152	39.102048
同心嘉园	732	117.290411	39.105086
宸欣家园	1735	117.199007	39.215847
兴河里	1328	117.190199	39.108305
溪秀苑翠溪园	1993	117.099224	39.131139
恒益隆庭	1566	117.105286	39.036281
恋日风景	928	117.253828	39.145558
名都公寓	1359	117.237983	39.078203
先春园泉春里	1352	117.172787	39.153232
迎水西里	928	117.152067	39.099339
书香园	755	117.182519	39.125136
来安里	3233	117.25448	39.131839
春华里	2894	117.221705	39.147265
凯兴天宝公寓	1131	117.168251	39.137947
卫安北里	1485	117.178263	39.146831
碧波园	696	117.239148	39.114695
万科都市花园	784	117.191436	39.117047
昆俞家园	2160	117.291833	39.1718
龙滨园	519	117.165306	39.084638
科海里	644	117.158469	39.097701
益华里	3132	117.39450206323	38.982614766366
云华里	1220	117.151727	39.082117
懿德园	1337	117.255262	39.129838
瑞江花园梅苑	1003	117.236888	39.074157
湛江路新村	591	117.208342	39.109926
燕园里	794	117.152632	39.101653
世纪梧桐公寓	984	117.229382	39.067797
大悦公寓	1174	117.186035	39.139001
祥瑞家园	912	117.247847	39.152099
卫安南里	715	117.177172	39.144225
瑞金里	2489	117.2389	39.152938
宝聚家园	880	117.285486	39.055811
万科民和巷	4264	117.335719	39.095769
弘丽园	2201	117.163378	39.155001
光湖里	1142	117.169275	39.117998
荣迁东里	1267	117.162835	39.106961
宾水里	1638	117.190069	39.083339
河海花园	1505	117.187786	39.162741
瑞海大厦	416	117.205824	39.145873
华城领秀万华里	1738	117.164837	39.147657
泰悦豪庭	548	117.238295	39.111238
恋日风尚	716	117.252452	39.146859
南开大学西南村	3384	117.172276	39.107164
大地十二城枫桥园	1602	117.090206	39.133966
宝翠花都听景园	1010	117.120402	39.204728
格调竹境	1579	117.28146383556	39.109009076322
利海家园	1272	117.134888	39.107031
瑞丽园	978	117.14081	39.113841
风荷园	1205	117.163793	39.125584
贻成泰和新都	2430	117.663331	38.996362
金淼园	506	117.162283	39.078462
荣迁西里	1084	117.160739	39.107346
丹荔园	986	117.290318	39.160743
依润园	1008	117.090225	39.124633
红磡领世郡普雅花园	2444	117.278731	39.029968
融创星美御	565	117.194693	39.116466
竹华里	1354	117.150602	39.081256
名仕达花园	908	117.237887	39.104099
意境兰庭	2133	117.43191	39.161632
汇川家园	758	117.194015	39.179526
万科新里程花园	995	117.41292	39.152628
彩虹花园	557	117.169922	39.079988
宾水南里	1925	117.19939	39.087529
瑞江花园竹苑	1014	117.234049	39.074146
千禧园东区	3163	117.147848	39.16172
第六田园优仕庭园	1151	117.234663	39.062292
尚品嘉园	289	117.225335	39.116995
新梅江锦秀里	1572	117.24402	39.049928
尚友里	306	117.204104	39.121012
纯真里	2264	117.226953	39.085149
紫光苑	983	117.186975	39.13454
广厦富城	3499	117.65259761805	39.068747627751
晨星园	474	117.234345	39.104999
照湖里	891	117.166281	39.117086
嘉华新苑	754	117.247191	39.135573
小镇西西里瑞安里	957	117.116997	39.03703
先春园世春里	1756	117.169542	39.155841
隆达新苑	1763	117.243925	39.170053
怡园里	711	117.133733	39.153029
红波里	1593	117.220997	39.103445
昆裕里	949	117.18421	39.134897
天房美域兰庭	747	117.197087	39.064821
南京路	1260	117.220233	39.122328
先春园隆春里	1943	117.170397	39.154274
华荫东里	216	117.203565	39.121484
芳竹花园	667	117.213911	39.082656
儒林园	809	117.262921	39.05302
中盛里	2682	117.184919	39.064169
三义大厦	1439	117.224343	39.116123
万科金奥广场	1613	117.199253	39.071824
明华里	1471	117.161478	39.151434
盈江东里	1110	117.142656	39.105555
绿岛家园	2500	117.15498	39.21494
华城领秀睦华里	992	117.161834	39.149186
尚北园	3479	117.664791	39.068904
复兴门家园	593	117.269189	39.083073
天津全运村	6193	117.26511629392	39.049132630059
朝华园	1001	117.251647	39.152047
凤玉里	472	117.171658	39.138688
金泰丽湾	3046	117.378943	39.170835
宾水东里	1558	117.196907	39.089972
信昌大楼	1112	117.227984	39.109082
梅江康城	2430	117.230603	39.03423
云水园	592	117.225982	39.058179
雅仕兰庭	2848	117.277044	39.095482
滨河家园	1194	117.260791	39.092514
富力津门湖云舒花园	1296	117.210238	39.060303
摩卡假日	1034	117.044156	39.072795
庆有西里	886	117.193881	39.134586
积庆里	403	117.222085	39.114051
宝翠花都探景园	1008	117.115446	39.202698
复康里	1116	117.182428	39.104988
祺林园	1166	117.263767	39.055786
中央公馆	432	117.199027	39.106094
天房崇德园	436	117.161637	39.093949
红磡花园	516	117.181594	39.126619
雅致里	2021	117.287574	39.072314
鹤园北里	858	117.146252	39.094831
世纪花园(南开区)	647	117.186915	39.137661
嘉泰花园	267	117.160387	39.102405
博轩园	467	117.231376	39.108142
金波里	1818	117.21068	39.160238
奕聪花园	872	117.172745	39.079988
顺通家园	1705	117.107778	39.146902
瑞江花园菊苑	1067	117.233793	39.07146
水木天成临湾园	1527	117.142688	39.168143
桂荷园	1226	117.153307	39.122862
宜清花园	1261	117.217318	39.19568
润风家园	1110	117.315895	39.109782
佳怡公寓	1601	117.187724	39.11585
万科魅力之城格兰苑	948	117.366939	39.089405
寿园里	1301	117.207831	39.082975
君悦花苑	1232	117.048352	39.055148
万科城市花园	1146	117.239589	39.158491
海逸长洲瀚波园	853	117.217034	39.063014
昆俞欣园	2026	117.295417	39.170958
清霖园	535	117.279879	39.156442
水木天成阁林园	1940	117.14191	39.165839
福嘉园	1380	117.196642	39.174205
万隆花园	4427	117.289977	39.12867
广云花园	343	117.17048	39.139598
静安里(河西区)	437	117.208451	39.108648
环湖东里	1620	117.193172	39.091323
水岸公馆天浦园	724	117.232099	39.051706
万兴花园	419	117.272564	39.150951
琴海公寓	920	117.207363	39.149273
天赐园	610	117.188029	39.125197
香榭里	877	117.190451	39.118058
米兰阳光	2570	117.39371832742	39.00436184749
云锦世家观锦园	104	117.077864	39.118754
金地格林世界梧桐苑B区	861	117.320699	39.055787
卫安中里	1082	117.178153	39.146097
畅景家园	672	117.163378	39.184627
天兴里	863	117.196545	39.120186
格调故里	267	117.173801	39.138878
新城市花园	456	117.181645	39.085646
崇仁里	434	117.20913	39.126068
泉富家园	666	117.15988	39.1829
景园里	2167	117.119995	39.134078
东莱里	578	117.228154	39.117718
昌宁南里	1151	117.150267	39.109803
康华里	1753	117.16524	39.151476
延生里	922	117.1827	39.131216
中山门南里	1604	117.272218	39.107694
海景公寓	518	117.246682	39.100669
渤海天易园	4339	117.22931	39.001341
珑著	2026	117.119671	39.210815
宁乐里	1239	117.184027	39.092955
花园伍座轩	477	117.234363	39.100905
珠波里	737	117.218338	39.10424
米兰东湖湾	793	117.490431	39.191286
颂禹西里	540	117.168817	39.134561
紫云园	2778	117.707376	39.016181
盛海公寓	1109	117.210239	39.152599
河通花园	729	117.162917	39.157701
植园里	480	117.161307	39.103042
天涛园	1147	117.232521	39.04945
纪明家园	1284	117.200741	39.072104
滨河庭苑	1156	117.25924	39.092374
城市之光星光园	288	117.21997	39.146884
怡林园	1051	117.262083	39.055289
艺术家园	2496	117.130154	39.203281
博林园	972	117.266025	39.05288
洛卡小镇	1473	117.221559	39.033648
悦盛园	1140	117.409119	39.068883
华富家园南区	2136	117.4346603331	39.175697664774
新尚园	1875	117.299616	39.016177
神州花园	1206	117.247142	39.109033
桂江里(河西区)	3305	117.270951	39.058406
社会山北苑	680	117.053939	39.066387
富力津门湖景尚嘉郡	1626	117.206558	39.066403
和静家园	1536	117.266287	39.119118
金宇里	730	117.149191	39.105832
泾水园	1002	117.136851	39.139066
第六大道道俊华园	779	117.277636	39.121931
银行里	653	117.190615	39.115581
嘉春园	4593	117.306291	39.113335
世茂鲲玺园	1597	117.747497	39.117369
长安里	519	117.212648	39.108032
卓越浅水湾	1835	117.230486	39.130888
望园里	504	117.180661	39.103441
保利上河雅苑南区	4957	117.039893	39.382665
宝庆里	1614	117.047507	39.06631
第六田园优仕家园	765	117.234714	39.059243
金禧园	528	117.167513	39.077412
育贤里	2306	117.195548	39.084869
瑞盈园	1536	117.12636	39.211665
康桥里	2634	117.242067	39.180771
宸宜花园	1844	117.200751	39.213286
滨海欣嘉园	3537	117.63926	39.131223
亚中花园	368	117.212808	39.106095
丰盛园	2111	117.242044	39.122426
秋丽家园	3300	117.302742	39.129325
临池里	2542	117.259438	39.147195
鲁能公馆	512	117.184044	39.099618
美宁公寓	789	117.245075	39.101733
靓锦名居	1274	117.256408	39.122971
正荣润璟湾	2122	117.084602	39.141704
宜宾东里	1687	117.152581	39.133203
福雅花园	1355	117.111032	39.129243
恩德西里	1254	117.215906	39.104904
亿城堂庭	1870	117.160036	39.180013
居祥里	825	117.185331	39.097085
华荫南里	216	117.204046	39.120162
晶品轩	838	117.2623	39.125255
卫华里	1271	117.188327	39.108658
保利金融街诺丁山	2040	117.042004	39.05524
万维花园	387	117.163051	39.126365
星河荣御	935	117.040347	39.081316
蓝庭国际	2930	117.37258	39.090729
凌奥花园	1199	117.180528	39.070066
文善里	510	117.199131	39.121623
广顺园	819	117.221047	39.107339
熙汇广场	1922	117.128816	39.142579
宾水北里	1596	117.194485	39.088642
远洋五矿旷世新城	1572	117.230037	39.208104
临潼西里	1353	117.150681	39.14574
大通时尚花园	1226	117.254604	39.139091
昌海公寓	875	117.211397	39.152714
紫来花园	502	117.178656	39.124128
丰盈里	1850	117.24093	39.124798
秋怡家园	2448	117.192164	39.222629
俊城橡树原	724	117.239376	39.042653
友谊公寓	663	117.214434	39.098331
恒大绿洲馨园	1453	117.478318	39.20486
雅园里	937	117.147371	39.150606
凤岐里	2200	117.278641	39.145329
久仰里	528	117.227296	39.114611
第六大道俊东公寓	695	117.276204	39.123023
沱江里	1226	117.154642	39.130271
濠景国际	427	117.182932	39.075528
中粮大道	1490	117.22883	39.130462
凯德国贸	1391	117.223143	39.119804
华江里	4344	117.265283	39.061618
鲲栖府	1690	117.412031	39.17338
水西园	1214	117.165633	39.153896
北宁湾-致远家园	955	117.218571	39.189948
巨福公寓	720	117.222222	39.148699
松寿里	489	117.20992	39.125099
朗月轩	1540	117.736334	39.025787
昆璞里	1541	117.213807	39.165905
金秋新苑	1888	117.290743	39.013738
玉泉里	690	117.176307	39.122344
富力华庭	210	117.18129	39.148105
香雪苑	1819	117.290112	39.023864
朗庭园	1016	117.192023	39.064891
国耀上河城	2899	117.107719	39.270693
紫芥园	918	117.163729	39.153925
冶金里	1274	117.136235	39.149406
英俊名邸	576	117.167269	39.131627
首创溪堤郡	1343	117.429474	39.169723
观景里	624	117.156686	39.09579
爱家星河花园	1256	117.230936	39.167814
中国铁建国际城诗景雅苑	910	117.237439	39.175401
富力津门湖鸣泉花园	1083	117.2112	39.063097
中发里	1085	117.184059	39.064646
福熙园	343	117.244137	39.101068
香邑国际	1988	117.310756	39.144114
阳光金地	450	117.660886	39.03422
双街新家园	2376	117.113761	39.267918
名居花园	1514	117.411062	39.155768
融创中心实泽园	791	117.154668	39.116022
中信·珺台碧和园	693	117.117989	39.110902
盛泰嘉园	1418	117.188614	39.188357
卡梅尔天淳园	484	117.235962	39.045024
华远波士顿	2472	117.34706295414	39.039508811805
东丽湖万科城阅桦苑	786	117.511279	39.185169
水木天成闻涛园	1784	117.135954	39.165539
金隅满堂	1495	117.099477	39.125801
幸福北里	774	117.159956	39.146856
滨海航天城	2592	117.542352	39.129067
世升花园	197	117.202442	39.117879
淮和园	890	117.201254	39.217236
友爱南里	3232	117.269864	39.109174
鸿基公寓	829	117.208659	39.154949
义兴南里	1605	117.174243	39.12617
碧轩园	846	117.121137	39.10897
翠薇园	396	117.170551	39.102818
天津中心	779	117.200032	39.125248
万科新梅江柏翠园	1063	117.246967	39.044183
宝龙城	5617	117.772148	39.103056
景阳里	485	117.19538	39.122925
雪莲西里	478	117.295106	39.149741
贻锦台	2216	117.656588	39.069128
新津国际	2162	117.102032	39.110958
森淼公寓	586	117.198339	39.106003
龙井里	1242	117.166633	39.12121
敬贤里	1231	117.224666	39.190804
义兴里	1362	117.173021	39.1284
大地十二城枫香园	1084	117.084935	39.131966
倚虹中里	1494	117.287253	39.145209
福泽温泉公寓	1205	117.245135	39.117683
罗江西里	1410	117.149416	39.131419
舒畅欣园	1639	117.304256	39.113832
天籁湾	104	117.040107	39.173198
复元里	363	117.196774	39.121449
同发里(和平区)	1274	117.194146	39.112534
东亚风尚国际	2346	117.229712	39.139528
通达新苑	1885	117.24655256548	39.167746654171
禧顺花园	1065	117.150044	39.125325
怡然庭苑	506	117.304533	39.103735
华城领秀怡和家园	485	117.160738	39.151106
东海云天	1032	117.714415	39.019915
德信园	594	117.297895	39.06202
天大北五村	1785	117.18155916733	39.121127952107
好美嘉园	2796	117.303353	39.117534
金泉里	611	117.198022	39.108158
国风星苑	1983	117.202764	39.069275
融科瀚棠	1242	117.721419	39.042658
揽城苑	2089	117.518926	39.185071
映日嘉园	681	117.300065	39.104397
观湖苑	768	117.518107	39.183967
存诚里	407	117.225037	39.114247
公园北里	173	117.176539	39.140357
雅安西里	1715	117.141461	39.128086
美福园	1399	117.224495	39.143524
麦迪逊	624	117.134471	39.094681
龙都花园南园	542	117.237283	39.102766
大地十二城翠杉园	815	117.092027	39.132606
星河香堤园	856	117.040634	39.078637
富顿大厦	309	117.190261	39.136346
祺寿里	577	117.223387	39.114317
兰景园	1346	117.202437	39.185721
新文化花园新丽居	452	117.190344	39.135533
佳园东里	3950	117.145848	39.200261
金达园	346	117.219092	39.112191
君利花园	3175	117.090323	39.321932
东海岸家园	1882	117.647751	39.069387
天津大学四季村	1799	117.170871	39.116134
玉峰花园	2380	117.276785	39.062404
云锦世家	4274	117.080154	39.116228
宫前园	1112	117.245889	39.116109
星河花园	806	117.261771	39.146828
官邸三号	335	117.202794	39.14523
华宁北里	1558	117.146609	39.112225
宫前东园	1611	117.247668	39.114965
社会山花园三区	327	117.052733	39.063083
远洋新干线	2216	117.416252	39.150431
新福方里	827	117.192978	39.132617
侨馨园	357	117.239744	39.102559
益寿东里	5093	117.253629	39.152634
逸品轩	1319	117.259828	39.126333
欧亚花园	501	117.204849	39.089815
金地格林世界橡树苑A区	962	117.31647	39.055035
蓉芳里	823	117.194097	39.134092
雅美里	912	117.148952	39.14879
府湖里	858	117.169074	39.118502
宇翔园	654	117.132306	39.148846
堤南里	632	117.149129	39.10005
和睦西里	2745	117.267479	39.114556
阳新里	2645	117.276409	39.13596
环球金融中心津门公寓	450	117.203653	39.135673
同庆后	486	117.197825	39.141382
泊江东里	1512	117.153666	39.128572
开封里	1342	117.226736	39.122848
天泰花园	466	117.145617	39.146964
久福园	624	117.227122	39.14176
天津恒大名都	1957	117.421741	39.177433
市政里	317	117.19501	39.124479
书苑里	665	117.245604	39.094005
中信·珺台碧珺园	639	117.118362	39.109516
安宁里	318	117.195435	39.123934
福东里	1712	117.310377	39.099815
盛世豪庭二期	541	117.011408	39.299851
月荣轩	1938	117.736389	39.030748
金地格林世界橄榄苑C区	1221	117.319047	39.0524
阳明里	1619	117.272231	39.148391
奥林匹克村	655	117.177161	39.07884
玉容花园	1066	117.236484	39.167338
水映兰庭	313	117.189139	39.102755
堤中里	852	117.150872	39.103739
万科城邻水苑	608	117.501372	39.190796
吉安里	377	117.17	39.140703
红磡领世郡尚景园	588	117.274348	39.036619
海天尚景园	229	117.221596	39.1051
伊顿玫瑰公寓	537	117.180619	39.135197
金厦新都庄园涵溪园	832	117.187555	39.061246
汇贤里	3429	117.251765	39.123862
海建里	1486	117.206798	39.085776
招商雍景湾	1494	117.271848	39.087718
福泰温泉公寓	439	117.203696	39.117662
众诚里	544	117.193265	39.124472
东海花园	1377	117.193191	39.185106
互助南里	2994	117.267058	39.110629
万科水晶城揽星园	425	117.236539	39.054679
紫云里	666	117.177004	39.126151
碧海鸿庭	2846	117.650523	39.028737
华庆里	1892	117.231524	39.150903
融府	402	117.17871	39.128327
经纬城市绿洲华清家园	1402	117.015338	39.385797
裕泰家园	1047	117.1886	39.170884
晨光楼	3771	117.253846	39.142235
象博豪庭	1808	117.292834	39.049525
晋宁北里	1089	117.15403	39.108347
香江花园	602	117.24124	39.103666
金厦新都庄园波溪园	342	117.189784	39.059071
渤海明珠	1476	117.241162	39.101296
宜川北里	1150	117.158474	39.145579
荣兴温泉公寓	1295	117.244029	39.121455
纯雅公寓	767	117.222776	39.082537
华城景苑盛和嘉园	5198	117.112095	39.172483
金泰花园	1349	117.227442	39.167207
旭辉澜郡	3275	117.591045	39.026277
宾水西里	1018	117.197316	39.086031
祈年大厦	423	117.19358	39.126942
富贵嘉园	2088	117.707532	39.014336
华润紫阳里	2103	117.204192	39.131489
紫金南里	935	117.195861	39.091702
柳苑公寓	630	117.274551	39.080737
芳馨园	1084	117.270258	39.1315
华泰园	1415	117.195837	39.172772
红磡领世郡常春藤	1763	117.284345	39.032661
津沽名园	353	117.243567	39.106297
塞纳公馆	432	117.155347	39.107304
天房天拖	1900	117.143024	39.115551
新文化花园新雅居	582	117.19245	39.133903
润景家园	3184	117.317615	39.108746
保利大都会天汇茗苑	176	117.193313	39.138422
华光里	1172	117.236826	39.154729
晨阳花园	520	117.256685	39.145195
碧桂园滨海城	1062	117.772295	39.11903
汐岸国际天汐园	562	117.227096	39.044323
馨名园	715	117.163317	39.114506
翠湖温泉花园	942	117.182396	39.089801
川北里	966	117.13182	39.134036
依丽园	780	117.091501	39.124423
万科水晶城静湾园	344	117.236358	39.05233
荔丰花园	932	117.196044	39.22154
台湾路	377	117.234125	39.115414
光华巷	503	117.201804	39.127929
隆盛花园	1753	117.651361	39.035807
瑞康家园	902	117.13043	39.211591
聚安西园	692	117.222164	39.150837
程华里	1112	117.153782	39.077762
六维极景	224	117.27397	39.124028
水蓝花园	312	117.165082	39.093179
龙居花园	2160	117.252571	39.023145
襄阳道	325	117.204616	39.12062
蓝岸森林	4310	117.151078	39.219578
紫园	1287	117.393048	39.185756
郑业里	373	117.20216	39.116508
鑫旺里	4367	117.356861	39.031667
无锡道大楼	653	117.222536	39.116151
尚东馨园	365	117.25776	39.131281
秋星里	1026	117.21306	39.15219
孚泰公寓	1136	117.207473	39.157764
亚泰澜公馆	1352	117.03555	39.36683
中国窗	474	117.186415	39.12959
金典花园	411	117.143778	39.11494
直沽园	1200	117.248829	39.117078
纪发公寓	566	117.206232	39.078329
天嘉湖花园	632	117.37064	38.90965
福水园	343	117.222063	39.065627
城市星座大厦	577	117.217929	39.150819
云阳西里	1513	117.142949	39.131185
孚德里	525	117.221867	39.118026
桃花园南里	2866	117.177193	39.184693
万科水晶城依云园	347	117.2362	39.055881
风光里	1648	117.174043	39.180642
大地十二城枫桦园	1141	117.080612	39.130279
东城家园	1627	117.303223	39.120554
富力津门湖柏溪花园	794	117.210199	39.067464
新河里	519	117.193365	39.109552
旭园	1331	117.39832186073	39.182069088295
金兆园	1142	117.207482	39.158554
环秀中里	1802	117.282103	39.138178
凤岐东里	1825	117.281852	39.145286
天娇园	340	117.199371	39.097659
潞河园	1623	117.166042	39.190335
富祥园	382	117.14289	39.113068
双山新苑	577	117.27246	39.068572
虹畔馨苑	555	117.1616	39.142596
格普澜轩	485	117.199292	39.11923
昌宁北里	884	117.149804	39.111245
景致里	1846	117.286169	39.071159
卫星里	1339	117.194839	39.102503
清谷	863	117.710212	39.091947
兴华公寓	526	117.172812	39.129796
团结北里	2450	117.273601	39.1138
泽天下	3059	117.124191	39.236173
境界梅江	1420	117.207009	39.046178
子牙里	2608	117.162518	39.172331
园丁公寓	848	117.291406	39.071397
红和里	417	117.177487	39.139577
萃华里	1960	117.237274	39.156568
远洋城	211	117.605236	39.039696
香兰嘉园	1938	117.292687	39.147132
翰雅园	494	117.146241	39.114184
西园南里	1280	117.211874	39.086203
莲安里	1142	117.130784	39.130678
常州里	3351	117.246642	39.154246
花样年家天下	3633	117.120309	39.339436
佳宁里	2777	117.131555	39.203172
紫金花园	277	117.201516	39.088222
兴隆南里	280	117.197632	39.129649
雅安东里	1795	117.148666	39.128355
西关北里	2615	117.175787	39.148944
先进里	884	117.199748	39.105275
瑞竹大厦	1056	117.188577	39.125836
三和温泉花园天时园	1476	117.243889	39.18714
保康里	717	117.175506	39.123904
天嘉湖澜海庄园	2377	117.355403	38.910576
耀远里	774	117.181973	39.137664
聚英里	723	117.183393	39.135499
香槟左岸天澜园	568	117.226589	39.051448
海明园(东丽区)	645	117.32964982147	39.128530371459
首创暖山	2256	117.332588	39.042561
晨阳里	1519	117.254996	39.143103
先春园纪春里	506	117.174262	39.155771
河沿里	474	117.19712	39.107138
方正龙天园	861	117.273458	39.077311
华阳里(南开)	1109	117.141868	39.145936
江门里	319	117.211095	39.106846
天鸿大厦	1144	117.191213	39.155484
云山里	1224	117.271157	39.0673
馨苑小区	1807	117.700995	39.016186
乐昌里	591	117.187418	39.111382
靖泰里	2725	117.251345	39.154064
长瀛里	2449	117.132617	39.229303
枫丹天城	3597	117.03186	39.395032
天辰里小区	420	117.046424	39.07054
玫瑰花园	676	117.239339	39.073105
广田里	542	117.222366	39.117648
长征楼(河东区)	1280	117.241464	39.141177
泰安道五大院	1368	117.221218	39.129055
竞业里	627	117.194565	39.119272
源德里	525	117.18064	39.134261
怡安温泉公寓	999	117.241509	39.119088
幸福家园	570	117.265254	39.082772
天达里	264	117.208506	39.107099
玉皇里	572	117.173188	39.121728
天津大学六村	1056	117.171373	39.113418
新会里	370	117.21155	39.104568
景瑞阳光尚城	2623	117.215404	39.26937
眺园里	438	117.158295	39.09514
恩德东里	848	117.216589	39.106451
社会山花园一区	352	117.057179	39.061654
慕贤里	1149	117.219466	39.186898
米兰世纪花园	1350	117.687679	39.045264
华泰里	1096	117.239334	39.155624
重华南里	515	117.23353	39.102006
重华西里	537	117.233361	39.103616
水木天成碧杉园	585	117.134795	39.169359
盛华园	600	117.22289	39.152889
天琴里	1453	117.261637	39.094663
远洋国际中心	1402	117.228969	39.144881
文玥北里	783	117.222023	39.090054
万科金色雅筑南苑	572	117.308923	39.110804
金蕾花园	503	117.210783	39.161198
金云里	416	117.152509	39.106213
馨达园(南开区)	659	117.163172	39.118152
龙悦花园	1110	117.148083	39.155533
万德花园	274	117.184412	39.126605
忠厚里	120	117.205007	39.120851
宏泰公寓	1133	117.158114	39.181225
寿康里	572	117.179148	39.135407
四箴北里	367	117.190081	39.129731
纯善里	394	117.172593	39.14078
清秀园	444	117.217443	39.080808
立达公寓	462	117.185359	39.091387
海华里	413	117.244432	39.10552
东逸大厦	479	117.241808	39.089489
圣水湖畔	903	117.086508	38.863057
嘉海花园	723	117.205244	39.152518
德邻里	626	117.182939	39.132767
大众家园	599	117.26739	39.156789
城厢嘉园	226	117.190778	39.148836
云江新苑	2424	117.262045	39.05747
万隆桃香园	3772	117.166318	39.201689
碧龙园	1010	117.10938	39.263986
师北里	1099	117.181434	39.122351
汇文名邸	497	117.241054	39.098419
贵贤里	969	117.221138	39.189241
宝翠花都焕景园	628	117.11603	39.205906
中海城市广场	1511	117.225591	39.128887
天新里	689	117.191178	39.119363
舒畅园	1600	117.299778	39.120011
罗兰新园	465	117.211874	39.111861
智达里	1078	117.122002	39.062289
庆荣里	824	117.216083	39.110406
新文化花园新秀居	517	117.192085	39.134677
春香里	580	117.176094	39.125262
美景园	1409	117.671149	39.041344
新月花苑	483	117.273336	39.144362
万科新里程家园	1253	117.414483	39.153796
汇福华庭	556	117.18423	39.129698
临园里	750	117.183187	39.102902
城市名居	1045	117.663683	39.047708
景观花园	1668	117.22674	39.076361
天房意境	1897	117.302809	39.0177
星环里	321	117.156363	39.110347
赏湖苑	1901	117.496566	39.188839
金厦新都庄园静溪园	894	117.183944	39.059277
雅川家园	436	117.136722	39.133406
紫金北里	689	117.193068	39.093697
同善里	557	117.228712	39.1098
紫云国际	928	117.702968	39.01748
宝福家园	622	117.284624	39.052673
富力尚悦居	2414	117.025506	39.39782
军旅公寓	894	117.251771	39.107591
万科水晶城凭澜园	319	117.234407	39.052431
凯祥花园	301	117.165364	39.102227
合作里	108	117.20493	39.111928
半岛蓝湾天择园	496	117.226104	39.054119
仕嘉花园	398	117.649525	39.043228
科贸时代公寓	672	117.16984	39.119818
清泽园	324	117.216732	39.081193
远翠东里	1928	117.290531	39.139836
团圆里	116	117.204894	39.109621
北辰新天地盛景湾	1849	117.206385	39.323439
浩达公寓	1854	117.143862	39.205622
融创君澜	2416	117.706164	39.099374
云栖里	787	117.178603	39.121763
贵都大厦	621	117.209234	39.127277
桃花源居	260	117.221035	39.108341
万科魅力之城雅亭苑	308	117.364244	39.091527
华夏津典泉水园	422	117.226757	39.066568
西湖里	769	117.173404	39.124934
芥园里	885	117.135053	39.15121
群富里	843	117.179319	39.126368
鼎域名邸	951	117.165463	39.129122
雅润嘉园	384	117.13475	39.144964
卧龙南里	1244	117.15834	39.123801
友谊花园	307	117.21667	39.085401
文苑楼	1178	117.206065	39.087368
新都大厦	900	117.185816	39.123904
世芳园	277	117.266245	39.085236
同安新里	642	117.188393	39.110581
凌研里	853	117.187596	39.072804
宇萃里	3086	117.237053	39.159345
水木天成依湖园	560	117.137015	39.16873
溪水湾花园	1110	117.271036	39.167765
广丰园	338	117.174892	39.145936
荔红花园	1308	117.19608	39.218272
气象里	1042	117.192434	39.102475
利德公寓	567	117.165424	39.100662
友谊东里	1136	117.219326	39.084764
容彩里	2527	117.235737	39.164919
乐福里	350	117.189905	39.115227
爱建公寓	358	117.193275	39.13137
唐口新村六段	2519	117.250258	39.133645
曲溪西里	1423	117.278621	39.142571
融创洞庭路壹号	1981	117.685352	39.040971
步云里	428	117.20351	39.145202
中远里	809	117.207773	39.160296
世纪祥和家园(塘沽区)	1177	117.705467	39.011866
五一家园	564	117.235845	39.084512
久轩家园	320	117.14020640864	39.150160951259
天津富力新城	6546	117.1438	38.892578
龙富园	494	117.144912	39.149951
新安庆里	167	117.203505	39.116935
万科水晶城香溪园	386	117.2346	39.05332
鸿坤原乡郡	1974	117.043931	39.364936
中冶德贤公馆	2142	117.251867	39.090803
文化里	31	117.201809	39.113531
康达公寓	210	117.199057	39.128932
诚勤园	926	117.299917	39.061469
玉泉北里	579	117.177832	39.129289
博泰名居	178	117.18617	39.1327
翰林园	622	117.237768	39.142625
东尚名居	420	117.253367	39.128705
风致里	1523	117.284408	39.073859
吉星北里	241	117.194794	39.122956
华夏津典涟水园	360	117.226488	39.069667
万科水晶城聆梦园	82	117.238186	39.055675
美好里	1152	117.242816	39.097463
融汇北苑	456	117.180051	39.128537
保利香颂湖	1857	117.083434	39.337588
西青道楼	2026	117.157023	39.160799
顺达西里	749	117.267862	39.148426
水琳园	320	117.151001	39.143285
建国楼	633	117.187089	39.102951
聚龙园	1397	117.112062	39.264538
海泰国际公寓	626	117.135798	39.10258
天鹅湖天湖园	497	117.235006	39.041138
江南公寓	329	117.217354	39.111592
首创大河宸章	979	117.186781	39.168331
翠郁里	516	117.262393	39.149434
闽侯路	474	117.231893	39.111753
海航YOHO	1589	117.400316	39.162217
莱茵春天	1918	117.663857	39.053432
兴盛里(南开区)	483	117.172709	39.145785
景湖里	330	117.159242	39.121707
宁福里	549	117.182235	39.09453
天津大学三村	593	117.174674	39.115031
颐贤里	406	117.198713	39.085314
清新园	445	117.173979	39.129545
人和院	730	117.16882	39.063196
晶采大厦	729	117.229228	39.112876
广福家园	347	117.462546	39.051639
吉宝季景华庭	2537	117.75772	39.121092
盛世豪庭一期	276	117.011116	39.301384
金融街融御-融景名邸	189	117.212423	39.136175
詹滨西里	6144	117.31283	39.093309
教师村	1026	117.218568	39.10013
花港里	1040	117.168257	39.122691
华育里	665	117.175491	39.132889
艺都花园	344	117.227698	39.093442
瑞湾国际	922	117.717436	39.006654
聚安东园	672	117.224313	39.15092
可园里	780	117.210552	39.082936
君临大厦	7477	117.204312	39.138262
林枫花园	936	117.245402	39.125885
荣华小区	304	117.219321	39.114948
顶佳金领地	659	117.134133	39.102594
云松里	306	117.174441	39.121203
惠灵顿海上花苑		[]	
双峰里	383	117.183774	39.123548
风貌里小区	1203	117.17238409139	39.179531101748
世家新苑	478	117.195799	39.115344
景欣苑	1190	117.315491	39.099906
兴泰西里	653	117.170157	39.126906
和畅园(和平)	422	117.18653	39.117865
贝肯山	1003	117.720744	39.026509
季景家园	1048	117.316575	39.146448
万科锦庐	1110	117.748591	39.126136
竹径里	246	117.177917	39.122743
品水园	110	117.225196	39.107052
万和里	1458	117.267038	39.130048
和睦北里	2321	117.270766	39.115227
云阳东里	1298	117.152388	39.129474
安德里	502	117.220524	39.115601
泰达时代	1034	117.70503427309	39.026899277821
惠安花园	2617	117.398835	38.994214
昆云里	1131	117.21523	39.163828
金田公寓	476	117.21081	39.157073
连心里	845	117.138873	39.14596
翠韵里	900	117.260921	39.14807
双街新城	1345	117.110742	39.267779
贵桥里	957	117.24442701867	39.179631123085
紫罗园	1630	117.141736	39.243537
黄埔里	688	117.213877	39.10566
淦江西里	782	117.150569	39.108375
宝喜家园	1050	117.286546	39.053339
红磡领世郡人才公寓	796	117.277225	39.027609
金潭花园	501	117.162842	39.129726
银蕊园	297	117.287558	39.164359
南江东里	1120	117.143437	39.129185
盈海园	282	117.238589	39.107431
南江西里	1323	117.140249	39.129733
利合里	246	117.226896	39.113013
丽景胜和园	929	117.658616	39.03575
人民家园	1227	117.133267	39.195068
凤翔里	365	117.17646	39.135407
丹颐园	142	117.161785	39.104988
宁发阳光花园	396	117.184559	39.0872
龙亭家园公寓	440	117.191832	39.150826
昆石里	769	117.214529	39.164646
融创半湾半岛	2242	117.102134	39.279816
远翠西里	1510	117.286267	39.139193
奥林匹克花园石榴苑	492	117.121751	39.207313
海达明园	742	117.228464	39.165079
照耀里	523	117.212051	39.114156
正源公寓	1842	117.148424	39.165649
建津里	570	117.190337	39.117515
宁盛里	528	117.184208	39.092815
五矿榕园	1968	117.147121	39.054329
万通金府国际	1797	117.408628	39.153197
雪莲北里	410	117.299318	39.152287
育文里	558	117.21298	39.085226
惠阳里(河西)	973	117.218234	39.099011
小镇西西里瑞民里	748	117.117655	39.035888
亨通花园西区	2700	117.023373	39.389456
江川里	663	117.145652	39.112407
天房美棠	1291	117.250766	39.078574
水木天成逸树园	538	117.137742	39.166189
天意里	240	117.231511	39.100642
翡翠城	880	117.115167	39.209233
昆明路	379	117.204719	39.110886
开源里(西青区)	685	117.112846	39.039415
云成里	169	117.203412	39.114356
中山门西里	1598	117.263714	39.112693
金杰里	348	117.153453	39.103309
白云里	953	117.218009	39.101894
天资里	1003	117.201777	39.080291
富力津门湖观鹭花园	737	117.210185	39.067426
谦福里	654	117.29250193941	39.069662383107
海山北里	826	117.312027	39.120147
新华联世家	1357	116.853252	39.640159
学畔馨园	1978	117.127348	39.05468
天骄公寓	800	117.168225	39.177855
彩霞里	679	117.143332	39.146496
融创中心	4371	117.154982	39.116263
文化村	662	117.187498	39.121183
玫瑰庄园	198	117.30610040206	39.047705337629
鼎和里	114	117.204616	39.119333
紫云雅苑	480	117.704221	39.018653
芳草园	633	117.187581	39.181407
水竹花园	1261	117.161843	39.167415
司法警校宿舍	792	117.195181	39.077678
佳园北里	2369	117.135318	39.200039
宽福里	1196	117.290991	39.066684
地丰里	1143	117.043429	39.071793
盛宇里	2990	117.235579	39.162016
都市桃源	1746	117.205795	39.209131
鹤园南里	402	117.14856	39.091765
香江健康小镇	6819	117.421037	39.491326
树德楼	776	117.193207	39.119563
靖江里	1292	117.251005	39.158408
山海天家园	368	117.166311	39.085492
翡翠蓝湾	1121	117.262929	39.397016
深蓝公寓	380	117.164227	39.125441
宜昌南里(和平区)	591	117.194077	39.113604
富力津门湖红树花园	478	117.216478	39.06589
宇正园	455	117.166908	39.144376
松月村	201	117.194295	39.123429
南丰里	835	117.16822	39.125347
路劲太阳城	6325	117.28015	39.160853
明和里	676	117.21826	39.148399
广灵里	785	117.150767	39.138213
滨海新城	652	117.71014	39.027987
海丽园	638	117.32921185112	39.129948219179
前进新里	2594	117.262806	39.136243
富兴御园	1168	117.082406	39.333904
荣迁里	410	117.174046	39.10559
欣居园	246	117.173981	39.078707
江坪园	840	117.14374	39.120083
紫乐名轩	1049	117.292368	39.100109
保利上河雅苑北区	2052	117.04382	39.387624
中海学府公馆	2793	117.261959	39.084836
长城公寓	1007	117.239293	39.129124
万达公馆	379	117.243764	39.111746
宁发阳光公寓	756	117.181706	39.087368
鸿华里	157	117.219634	39.113913
德丰花园	346	117.21626	39.152861
金侨公园壹号	864	117.147003	39.179174
裕达花园	604	117.142305	39.149949
曲溪东里	1567	117.282721	39.142928
新华路	254	117.2046	39.1169
金碧园	550	117.203812	39.158526
海河华鼎	829	117.198654	39.153218
华城景苑盛和丽园	1287	117.111089	39.172434
东江南里	1036	117.277582	39.072424
春晓花园	824	117.158105	39.131146
万科霞光道五号	132	117.184839	39.089223
五环花园	257	117.194543	39.074541
继贤里大楼	192	117.19959	39.122572
顺泰公寓	646	117.240137	39.139119
碧云里	665	117.201469	39.108599
渤海创智大厦	682	117.223448	39.146992
晓德里	489	117.238643	39.138626
水木天成翠杨园	390	117.141301	39.168954
华郡新苑	552	117.233095	39.151273
冠云东里	1652	117.289208	39.144635
郁园里	378	117.142871	39.098562
中建滨海壹号	1517	117.641569	39.065094
云龙里	867	117.147719	39.126354
德庆里	386	117.184777	39.130444
云台花园	1167	117.193431	39.128918
生辉里	132	117.229458	39.102395
美湖里	353	117.162811	39.119118
育学里	1009	117.212349	39.084343
蓝山花园西区	1128	117.670987	39.062755
海韵家园	688	117.211173	39.173933
天泉西里	1723	117.2882	39.137307
惠州里	822	117.218272	39.099522
保利海棠湾	2170	117.044939	39.395674
翡翠半岛		[]	
万科东第	1296	117.195036	39.054992
宁乐西里	254	117.181214	39.094012
喜凤花园	2190	117.222754	39.324522
金康园	318	117.225897	39.141047
河北路(和平区)	727	117.197334	39.13354
泉江里	1775	117.26731450836	39.175479350985
四达里	368	117.198171	39.114182
夏洛兹花园	1172	117.422948	39.152301
综合楼	545	117.204675	39.104875
华山里	834	117.270807	39.070315
奥林匹克花园枫叶苑	466	117.119436	39.205612
永勤里	221	117.205397	39.120365
泰和城	720	117.661943	39.034044
龙泓园	396	117.236551	39.124791
临营西里	1435	117.257964	39.15633
翠海佳园	1134	117.311181	39.146482
浦口东里	349	117.230505	39.119832
詹滨里	2521	117.317769	39.094768
友好里	90	117.205456	39.110627
卧龙北里	968	117.158533	39.126271
国风园	431	117.195996	39.075938
顺达东里	655	117.269224	39.148
太极园	475	117.181618	39.132567
新景安里	1041	117.230542	39.133449
圣德园	484	117.219278	39.107906
平山里	782	117.190605	39.100788
小镇西西里瑞国里	945	117.118694	39.036869
双街新邨	2040	117.11276	39.27147
瑞达里	1026	117.123939	39.198567
三和温泉花园地利园	826	117.243846	39.183176
金侨新梅江壹号	1154	117.24979	39.042827
福厚西里	305	117.18816574111	39.13048518945
台北路	712	117.231951	39.113909
瑜峰园	543	117.18941	39.18354
松江里	860	117.26481650808	39.064056299823
金福南里	528	117.190169	39.071663
贻港城	1027	117.63838	39.0398
汉中里	518	117.122138	39.140312
民族园	484	117.261384	39.112295
星缘轩	645	117.73069	39.029921
环秀西里	1779	117.279822	39.13822
飞云东里	788	117.163555	39.128082
连荣里	663	117.216932	39.108242
天津大都会SMART	3812	117.19422	39.135928
荣泽大厦	397	117.196851	39.185777
汇名园	312	117.187362	39.120175
港湾中心	504	117.218279	39.135762
首创珐瑯墅昆芳苑	447	117.285975	39.021919
海山南里	576	117.311555	39.117452
南华里(津南区)	1353	117.3934068777	38.987994686257
恒和园	492	117.221487	39.111721
云轩公寓	348	117.154845	39.114478
水木天成望汀园	387	117.140859	39.167147
安吉花园	648	117.28986	39.106898
河东融科瀚棠	1252	117.284335	39.112497
祥悦新居	369	117.241639	39.145331
津滨雅都公寓	352	117.216622	39.111732
南益名士华庭	4456	117.636288	39.056234
碧溪苑	520	117.509051	39.180995
解放南路	657	117.231889	39.114877
天津东方环球影城	4905	117.096549	39.142561
晴川大厦	234	117.137088	39.134505
天新北里	244	117.189947	39.119035
中环公寓	384	117.194209	39.10796
林新公寓	506	117.220919	39.156621
尚佳新苑公寓	440	117.186886	39.150595
环秀东里	1571	117.283485	39.140445
顾安里	561	117.203475	39.143715
滨悦花园（远洋城2期）	1609	117.60331	39.041545
昔阳南里	796	117.133169	39.138823
柴楼隆园	1520	117.108837	39.273588
巨福园	274	117.221746	39.149147
安乐村	94	117.210828	39.114738
秀山花园	639	117.245676	39.156768
龙凤里	550	117.185287	39.138087
中山门东里	1770	117.276404	39.1126
富顺里	607	117.196922	39.074415
五一阳光御园	1006	117.08226491465	39.368235493279
金地艺城华府	3117	117.192209	39.227688
丰乐里	1833	117.278818	39.107241
卡梅尔天澔园	338	117.236717	39.043059
中豪国际大厦	234	117.226343	39.100067
友爱东里	2062	117.273739	39.110545
环友里	1087	117.20934	39.102734
三乐里	481	117.199722	39.120119
天宁里	225	117.193329	39.130332
荣泰公寓	1154	117.243885	39.126084
林庭公寓	194	117.219867	39.15647
水岸华庭(津南区)	734	117.38096204735	38.997737736897
金平东里	390	117.143284	39.127191
灵石里	531	117.142027	39.147804
日环里	489	117.156322	39.118285
博德花园	406	117.224351	39.193292
来福里	445	117.178547	39.103036
明珠花园(塘沽区)	719	117.65266712454	39.029994812012
阳城里	405	117.162081	39.144222
远翠中里	1490	117.288334	39.139715
南头窑大楼	1033	117.168106	39.15062
美林园	1180	117.762926	39.123503
上杭花园	211	117.267699	39.149484
新云山里	676	117.271311	39.067126
咸阳北里	1406	117.147182	39.13256
治国里	997	117.662884	39.04331
秀峰里	888	117.27424112411	39.066166542846
广泽名轩	144	117.171245	39.140745
德园	688	117.38124672876	39.178238731262
纯美公寓	380	117.222618	39.083426
康馨里	492	117.229542	39.146174
秀波园	1014	117.301455	39.101754
曲溪中里	1494	117.281273	39.142676
中海寰宇天下	1381	117.255132	39.084208
惠灵顿河滨花苑	480	117.186273	39.152845
鑫茂财智领地	556	117.13256	39.094383
和平园	190	117.193788	39.135309
昆仑里(河西区)	1130	117.273925	39.073005
复地湖滨广场	1180	117.408908	39.163191
澧新里	1661	117.233301	39.089286
可园东里	489	117.212358	39.083545
凯信佳园	910	117.119125	39.13158
华云园	1094	117.712212	39.0162
粤江里	1292	117.264097	39.068281
悦海大厦	609	117.205752	39.145164
月环里	550	117.156359	39.11464
汇园里	1021	117.221126	39.171472
庆丰里	1066	117.158774	39.15121
爱贤里	1080	117.22247280357	39.188491162122
瑞光里	1304	117.233806	39.152211
盛世郦园	2539	117.038545	39.389205
逸秀园	203	117.156964	39.099563
明源里	396	117.226648	39.124058
紫荆花园	684	117.669082	39.067884
昆仑里(东丽区)	2697	117.284713	39.119909
隆鹏园	237	117.148061	39.112946
进德里	161	117.210017	39.114184
中国塘	752	117.68635	39.017588
西河名邸	686	117.144303	39.171646
新华园	201	117.158165	39.099259
蓝山花园东区	1096	117.672471	39.061627
绮云里	909	117.221208	39.099704
卓达太阳城	1169	116.94539779014	39.602856962261
贻正嘉合	1306	117.667399	39.063693
长达公寓	756	117.242659	39.073182
祥泰公寓	600	117.265609	39.157177
西康路三十六号	109	117.202581	39.107941
万科世贸广场	280	117.207904	39.123233
睦南道	269	117.202264	39.108729
滨慧花园（远洋城3期）	1065	117.5993383804	39.042050773263
吉庆里	920	117.665115	39.033455
岳康园	197	117.205046	39.120364
盛欣园	93	117.186383	39.133707
育梁里	168	117.164532	39.093725
吉宁里	840	117.66946113372	39.03890604578
红顶花园南园	430	117.274396	39.145566
天环里	587	117.156444	39.128891
海尔格林小镇	929	117.368411	38.921651
冶金东里	975	117.138903	39.150553
千禧园西区	1624	117.143302	39.161706
柳安新村	102	117.204017	39.11937
罗江东里	665	117.151772	39.130618
珠峰里	1491	117.276233	39.065161
日月家园	273	117.234036	39.137639
盛瑞公寓	385	117.213056	39.108648
秋润家园	420	117.248959	39.090063
华城浩苑	2613	117.092583	39.211489
翠溪园	1276	117.14027	39.188112
枫景家园	960	117.67302599513	39.054497997536
海峰公寓	576	117.249558	39.110356
贻丰园	1235	117.673379	39.042238
紫桂苑	192	117.204655	39.085985
裕川家园	846	117.663121	39.060524
万全里	350	117.190459	39.125347
东润名邸	338	117.2476	39.112282
铭通里	80	117.204239	39.113618
四新里	860	117.220731	39.100592
丽新里	1266	117.3349807584	39.092308769855
福天里	929	117.305122	39.100893
东丽1号	786	117.360214	39.083503
明园里	264	117.144899	39.097477
大理道	376	117.212117	39.11674
保盈里	408	117.142247	39.111532
奥林匹克花园橄榄苑	270	117.124316	39.209578
时代名居	924	117.659221	39.0414
城市亮点花园	472	117.3786164366	38.99750282752
积善里	2185	117.227463	39.136223
振业名邸	880	117.140927	39.203574
佳园南里	1620	117.136941	39.197948
采油小区	1839	117.5142444533	38.704978654377
鑫东公寓	74	117.205931	39.121007
荣华大厦	625	117.219639	39.115535
凤溪花园	486	117.273129	39.153623
巨腾公寓	246	117.213072	39.167639
贻信康庭	805	117.653995	39.034563
荣厚里	215	117.181781	39.13488
富锦华庭	1593	117.132954	39.246149
新义信里	1573	117.230474	39.135461
望海楼北里	716	117.202001	39.154841
向阳花园	313	117.251598	39.139668
屏花里	1425	117.233336	39.164912
光华里	1403	117.226463	39.09082
紫熙臺	329	117.181403	39.143959
澳隆花园	312	117.207559	39.081725
天骥智谷	987	117.459105	39.165737
碧海长住	1348	117.65008	39.038161
宝利新苑	1065	117.208112	39.199223
卫安西里	383	117.175555	39.147391
慧景园	1040	117.199273	39.184763
大唐印象	2213	117.416046	39.170091
惠安里	1172	117.65436187346	39.026645096899
祥居公寓	1040	117.16390784374	39.177241171317
留园里	1036	117.136247	39.153959
景瑞花园	3664	117.110442	39.416969
亲亲家园金泽园	691	117.226887	39.012072
禄达花园	147	117.183319	39.105324
七0七所社区	1050	117.15714953897	39.187689187464
协龙里	295	117.175913	39.120699
金研里	291	117.174098	39.07842
中嘉花园怡水苑	992	117.153117	39.180274
华美里	492	117.154782	39.142942
春晖里(南开区)	385	117.185689	39.135485
瑞地里	330	117.159541	39.102153
拥军里	714	117.138541	39.147021
田川里	656	117.132218	39.132875
家福园	750	117.302275	39.059142
安辛庄	300	117.224725	39.118374
舒园里	1158	117.234058	39.172139
保利溪湖林语	770	117.130725	39.32954
金堂南里	575	117.250111	39.129437
义江里	1960	117.25755656968	39.170104221447
嘉陵南里	1256	117.142888	39.132141
贵山里	1324	117.274404	39.060602
海春园	308	117.330683	39.130147
榕园嘉苑	880	117.153742	39.055064
德望里	738	117.22535	39.0872
新东方家园	444	117.239561	39.146097
旭辉燕南园	1427	117.128444	39.03711
林古里	474	117.220345	39.157806
汉江里	870	117.267322	39.065722
景逸园	425	117.223506	39.159953
富力津门湖棕榈花园	335	117.217192	39.067195
万科水晶城维漫园	87	117.238487	39.053917
润晖公寓	162	117.239303	39.141256
新宜里	320	117.198675	39.11529
环湖南里	1284	117.191253	39.087358
林枫馨苑	376	117.24754239343	39.126219466839
观云里	608	117.192776	39.117163
圣贤里	912	117.217597	39.191838
東壹区	754	117.733617	39.020657
舒兴家园	156	117.141029	39.148168
万科柏翠园	336	117.711979	39.025549
树德北里	270	117.211619	39.125871
南通里	165	117.228043	39.122456
中宜里	1537	117.212421	39.193194
金钟公寓	883	117.201778	39.15617
华安北里	406	117.156405	39.145432
风荷东园	337	117.165195	39.1233
乐园里	831	117.135344	39.154617
港云里	727	117.221679	39.098681
大生里	361	117.193895	39.12161
復康路十一號	328	117.172136	39.104047
泰丰家园	1002	117.71522564745	39.046123081211
智贤公寓	481	117.217152	39.189685
海望园	636	117.701557	39.039043
泰华里	415	117.206258	39.119699
美泉新苑	383	117.239735	39.099011
秀谷阳光	322	117.66526827598	39.036913706143
金地艺华年	1146	117.28864621614	39.016507550376
悦公馆	1041	116.94059497361	39.180317249296
滨愉花园（远洋城6期）	1562	117.612114	39.040432
万科金域国际	706	117.706189	38.961863
三潭西里	732	117.161149	39.12734
凭澜苑	611	117.502691	39.18844
芥园中里	783	117.131305	39.150596
万科东海岸	260	117.826872	39.020335
东屏园	476	117.237761	39.147566
朝阳新村	1888	117.701668	39.013363
亚泰津澜	1088	117.668896	38.996946
律笛里	1315	117.210043	39.171632
南岸家园	1570	117.122299	39.176225
拾光汇	1006	117.299888	39.04207
新跃里	192	117.227595	39.099722
奥翔园	244	117.190354	39.077216
汇恒园	564	117.198053	39.189895
月云公寓	1025	117.208485	39.166359
桃源观邸	2174	117.64357971819	39.068402005686
新颖里	138	117.228214	39.102678
世纪祥和家园(河北区)	634	117.248508	39.174998
嘉华园	527	117.269383	39.133445
首创康桥郡	1213	117.756698	39.129306
乐东馨园	392	117.254759	39.155759
焕玉里	1341	117.238781	39.157337
仁永名居	637	117.323646	39.050667
锦园里	962	117.134292	39.155447
桃花园东里	1219	117.177435	39.183595
气象东里	581	117.193092	39.114828
柴楼竹园	1234	117.113208	39.276011
北洋新里	512	117.245764	39.099591
任贤里	1567	117.211204	39.185204
开明西里	178	117.168388	39.136114
佛山里	528	117.19512	39.105758
三友里	566	117.1976	39.116705
金银里	619	117.34413521192	39.095882495604
宜君北里	1048	117.128628	39.152595
柳江里(河西区)	734	117.216519	39.083132
金厦新都庄园澜溪园	1509	117.187384	39.058955
振宜里	1332	117.214445	39.197229
浦口西里	239	117.217673	39.114878
华悦大厦	392	117.194835	39.096434
泰山里	1218	117.274677	39.070909
晓春里	591	117.153019	39.15121
汇仁云居	998	117.22609001198	39.154799770111
澜湾花园	732	117.086893	39.139221
中心北里	1176	117.666497	39.046694
汶川里	1003	117.132513	39.135715
中山门北里	887	117.268849	39.116162
蓝天花园	691	117.300479	39.091359
保疆里	150	117.191892	39.128928
富宜里	1793	117.213543	39.200677
厚园	736	117.38235879733	39.176563562169
平陆西里	473	117.156812	39.147136
倚虹西里	997	117.283972	39.145845
嘉陵东里	738	117.14668	39.133317
和平里小区南区	2315	117.055871	39.377374
逢云里	256	117.202586	39.14375
荷香园	1098	117.65785844202	39.03926885875
延安里	839	117.671571	39.038187
津澜阙	372	117.248395	39.097232
万绿花园	996	117.208289	39.0522
恒华大厦	520	117.230635	39.110574
鹤园里	504	117.210603	39.084422
中乒公寓	341	117.218113	39.0872
社会山Bigparty	1036	117.058374	39.058923
居瑞里	168	117.16636	39.138416
海运里	203	117.232743	39.117187
湘江道	192	117.24305	39.103736
金庭里	629	117.205166	39.154435
佳荣里	1598	117.133033	39.199224
宁波道(河西区)	301	117.23035	39.113943
浦口道	305	117.218149	39.115557
大江里	1134	117.263947	39.167559
碧湖园	495	117.089147	39.132525
雅兰园	366	117.266071	39.128509
万科水晶城世奇园	121	117.23121	39.055811
毓园	668	117.659295	39.032337
西园北里	367	117.209992	39.086696
春梅楼	143	117.22532	39.114247
明湖苑	1052	117.39802098491	39.176619284199
飞云里	680	117.160663	39.130038
中山八号中山8克拉	748	117.222612	39.171219
东旭新里	805	117.248988	39.112593
世茂璟苑	1620	117.745109	39.115864
华胜村	288	117.19588	39.125316
鑫瑞名苑	218	117.241697	39.100057
金伦公寓	220	117.189509	39.13067
美景花园	264	117.233394	39.138972
水运名苑	575	117.188506	39.185819
鞍山道168号社区	492	117.188554	39.121575
红山里	1173	117.234812	39.090614
碧泽园	398	117.223924	39.157806
龙顺园	6913	117.256949	39.015752
翠园里	102	117.16284	39.10202
金融街融汇	935	117.095766	39.093061
弘轩公寓	342	117.234927	39.139136
金福兆公寓	98	117.235337	39.100837
建宁里	379	117.246266	39.13706
沧浪西里	423	117.28012	39.135785
台儿庄路	422	117.219343	39.132406
马场道	349	117.204422	39.10889
今日家园	1197	117.215244	39.198771
阳安里	1320	117.27526	39.14043
宝利园公寓	827	117.198412	39.187822
鑫泰家园	382	117.230747	39.147045
碧海白天鹅	481	117.257733	39.089387
贺福里	960	117.291409	39.065423
福苑居	452	117.655774	39.033567
平陆东里	520	117.157237	39.146639
云阳北里	383	117.140214	39.148853
ParkTower景杉	926	117.758585	39.129019
夏阳溪韵	296	117.494035	39.201946
万通生态城新新家园	946	117.751611	39.129922
三元公寓	276	117.223166	39.106888
津铁惠苑	1933	117.282953	39.057745
红城	219	117.247105	39.150487
一品家园	500	117.250323	39.149797
辅恩里	486	117.199442	39.115039
月桂园	754	117.202125	39.170429
谦益里	708	117.20625	39.156023
隆新里	243	117.206349	39.147496
宁祥里	199	117.181714	39.096404
九江里	1140	117.26519114663	39.065670078169
服务楼	190	117.209348	39.105436
中骏柏景湾	1186	117.127402	39.035944
半岛蓝湾天睐园	1388	117.229223	39.0549
长治里	1511	117.163945	39.133627
玉翠园	1440	117.033664	39.37651
森百花园	496	117.23448	39.157547
远洋红熙郡		[]	
经纬城市绿洲学知华庭		[]	
中嘉花园秀水苑	702	117.152178	39.17889
华义公寓	300	117.224738	39.10832
双峰道	249	117.18567	39.123523
华章里	647	117.165833	39.125976
丽江花园	199	117.196423	39.068575
首创珐瑯墅昆兰苑	536	117.284972	39.024539
万全道	484	117.195265	39.130196
中海复兴九里	1082	117.255669	39.084457
倚虹东里	1013	117.288733	39.146307
貌川里	380	117.135405	39.131801
仁善里	647	117.18382	39.138367
金川西里	767	117.137196	39.132613
富山花园	324	117.128399	39.209667
万顺温泉公寓	302	117.215227	39.097316
天津诺德中心	1410	117.20681	39.172282
福源天安佳园	922	117.206645	39.367551
同泽园(津南区)	925	117.38697160464	38.99877739599
万通新城国际	4259	117.729795	39.040844
德恩里	348	117.216853	39.109292
蘭园	671	117.175497	39.143653
金昆里	546	117.212991	39.159548
白堤东里	492	117.16788	39.126609
新兴里	629	117.193163	39.110676
盛运大厦	352	117.173339	39.158512
世嘉花苑	425	116.91593641518	39.308170526136
蝶桥公寓	1080	117.252263	39.109785
金辉家园	520	117.205661	39.15896
晨熙公寓	260	117.182715	39.088684
山海花园	530	117.19334	39.185616
天欣花园	1810	117.42963980462	39.180474238388
福桥里	644	117.2430422577	39.178792063234
咸阳路58号内	571	117.144641	39.145675
新建村	168	117.196716	39.107585
居祥西里	232	117.183793	39.095322
川南里	591	117.134832	39.129201
月华里	283	117.271125	39.150574
郁江南里	906	117.237981	39.079792
建红里	2606	117.236241	39.178512
城市别墅	440	117.233332	39.078511
虎林里	1205	117.136814	39.236562
永安大厦	287	117.221172	39.109206
康乐里	224	117.199084	39.126368
跃进里	2015	117.149976	39.159698
力高阳光海岸		[]	
月憬苑	245	117.50459	39.18765
桥园里	1704	117.244332	39.17796
锦江南里	999	117.26570297504	39.166518404414
星座园	139	117.171796	39.14049
和苑家园尊和园	960	117.122892	39.165835
苏堤东里	591	117.158424	39.128026
津塘路	2720	117.234043	39.134281
润泰园	429	117.191323	39.175569
芙蓉南里	319	117.164456	39.140123
香颂园（远洋城1期）	1312	117.605691	39.037965
柴楼兴园	1352	117.112368	39.274314
山西路	505	117.195097	39.132151
联东U谷总部大观青年公社	1454	117.298547	39.043427
住总尚清湾	1640	117.067246	39.41739
福安里(塘沽区)	1351	117.654511	39.028334
东升里	3118	117.147283	39.226829
松江东湖小镇	1434	117.516509	39.191887
翠亨花园	2136	117.034091	39.380113
开江里	1465	117.26126217157	39.16931030582
永定里	136	117.204337	39.117111
光洁里	165	117.203915	39.115259
岳阳道	207	117.197836	39.11275
汇宝名苑	456	117.194621	39.179736
北宁湾-宁湾家园	133	117.217547	39.187725
乾华园	562	117.210962	39.166552
通鑫园	740	117.305327	39.05757
石泉里	514	117.146378	39.147713
富力津门湖清溪园	431	117.212843	39.056605
贻和花园	1536	117.67630370023	39.049725515158
诚厚里	636	117.226153	39.13545
金厦新都庄园梦溪园	622	117.185201	39.06002
悦海园	1488	117.667645	39.020075
新湾花园北园	1950	117.072141	39.365878
临平里	587	117.14074	39.145747
程林东里	1671	117.309951	39.143145
马场别墅	82	117.211745	39.114912
重庆道	188	117.201579	39.112305
香堤苑	370	117.2875668145	39.026004237198
开发里	567	117.194168	39.115528
长安西里	103	117.193791	39.12817
吉星南里	516	117.194744	39.12195
田园小区	912	117.208308	39.210481
华瑞里	181	117.167118	39.145299
福建路	464	117.231683	39.112666
民盛园	2308	117.2951	39.013947
宜君里	812	117.129668	39.152229
津港里	193	117.206781	39.108716
润园里	792	117.233522	39.168688
都旺新城菊芳园	606	117.151179	39.231614
君隆广场	539	117.211478	39.122666
达园	759	117.38900126486	39.181843196715
首创福特纳湾金瀚园	532	117.224958	39.007157
宝和里	108	117.227532	39.111469
融创城	3715	117.31407	39.120417
欣荣嘉园	856	117.233758	39.142662
睿品大厦	340	117.258979	39.128816
爱慕里	96	117.228702	39.118376
长寿公寓	1013	117.19005	39.13169
嘉誉新城	2005	117.682727	39.039973
芥园	228	117.174966	39.152399
纳海嘉园	737	117.65729802217	39.031969686135
海德公寓	173	117.24117	39.115654
丰业里	625	117.227533	39.133742
庆华里	133	117.209557	39.122401
中山北里	843	117.234661	39.177922
建湖里	1628	117.23207	39.18319
春风里(红桥区)	860	117.161156	39.193495
金苑公寓	1719	117.142965	39.208019
金地紫乐府	530	117.290967	39.097666
泰康花园	795	117.184733	39.189133
增强楼	855	117.211691	39.100032
鲁能泰山7号	99	117.372496	39.003147
天荣公寓	348	117.176806	39.129922
通园	739	117.38748850695	39.183157837975
富秀园	508	117.224825	39.166709
丁字沽十一段	1336	117.163436	39.181667
保山南里	1378	117.151889	39.111406
锦中大厦	114	117.201166	39.127571
朝阳里	520	117.194061	39.107239
龙川里	204	117.153459	39.113694
胜景花园	987	117.19962	39.186532
爱营里	409	117.258776	39.150651
金品家园	422	117.200386	39.187574
涟源里	936	117.153235	39.165359
风屏公寓	332	117.165928	39.179198
正东公寓	430	117.162201	39.187682
昊园	764	117.37980912805	39.179645756222
都旺新城兰芳园	1130	117.149905	39.232377
易川里	897	117.134007	39.13151
富贾花园	836	117.221858	39.172835
顺园公寓	136	117.211919	39.082951
新疆路三号公寓	244	117.192625	39.129537
南荣里	397	117.18802	39.134244
天津华侨城天鹅堡	2005	117.476137	39.199426
正阳里(南开区)	196	117.135599	39.140794
瞰海轩	1741	117.814241	39.046252
瑜芳园	446	117.386879	39.109033
怀安西里	553	117.166518	39.133057
华康里	891	117.22957	39.150994
中宇里	641	117.207023	39.161401
翠庭园	339	117.125366	39.106738
泰达御海	1421	117.709165	39.119825
信华楼	632	117.192781	39.12055
鑫苑汤泉世家		[]	
涪江南里	1331	117.254117	39.167717
滨海龙都	779	117.64341775749	39.032605820829
设计里	79	117.198543	39.113764
信德楼	158	117.198767	39.128348
锦福里	432	117.29087777952	39.070131850727
东风里	430	117.193491	39.098681
岳都园	34	117.204736	39.11747
重华里	180	117.235576	39.102664
浦江大厦	154	117.224145	39.117788
全胜里	58	117.20657	39.11182
雅园	351	117.70243776825	39.041283663262
红医里	219	117.157539	39.103308
揽湖苑	558	117.507497	39.186049
盛地里	108	117.159205	39.09943
博雅花园(咸水沽)	836	117.37966161095	39.007521675685
矽谷港湾	781	117.280477	39.17038
格兰庭苑	81	117.005927	39.29826
滨海名都	1323	117.66428	39.049699
丁字沽八段	2696	117.163749	39.187421
欣圆小区	1137	117.295599	39.092892
华巨公寓	288	117.148908	39.095773
万科金域蓝湾	1849	117.738639	39.039639
会泽园	336	117.148251	39.125955
雅宣园	564	117.131976	39.152728
津淄东里	938	117.188834	39.091009
辰曲里	508	117.20894	39.168898
乘云里	484	117.220053	39.105226
乐至里	514	117.140558	39.133357
津门及第	1682	117.13906527954	39.423746868935
颐海公寓	539	117.20432	39.165898
梅宏园	1212	117.249803	39.183399
格调林泉	306	117.687533	39.036479
耕余里	196	117.198135	39.129927
云峰里	68	117.204295	39.118597
河大宿舍	70	117.203878	39.10925
迎水北里	122	117.149438	39.099046
骊山里	780	117.269585	39.073147
金庄公寓	490	117.187553	39.076079
贻欣园	702	117.705581	39.030839
三星里	1314	117.670893	39.029997
荷兰墅	187	117.16906	39.067846
忠信里	281	117.205213	39.108831
芳园里(河北区)	1077	117.222496	39.167741
中建幸福城	4475	117.664229	39.108046
振德里(河北）	738	117.209064	39.157456
首创福特纳湾金盛园	714	117.225623	39.010213
翠荫里	335	117.262265	39.14723
嘉陵北里	678	117.143907	39.133309
昔阳里	687	117.133781	39.140679
常德道	132	117.200711	39.110087
富达里	271	117.20069	39.077654
天津富力中心	999	117.223639	39.118866
平安里小区	1788	117.051228	39.378879
日远里	550	117.203928	39.168003
信置荔城首府	1024	117.01709	39.387334
博雅轩人才公寓	463	117.154308	39.127207
洪泽花园	520	117.246048	39.089979
三和温泉花园人和园	306	117.243912	39.182666
康馨花园	269	117.70614488884	39.040073559294
津塘公寓	1166	117.252001	39.120133
泽园	701	117.39479094445	39.178647730803
万科新城紫藤苑	86	117.218194	39.215104
众美青城	1304	117.7682587418	39.126103096416
云锦蓝庭	652	117.70400762483	39.028884078226
湖北路	299	117.21381	39.128977
园川里	829	117.133756	39.131685
中山东里	900	117.235647	39.177004
志成中里	660	117.20784	39.180428
联发第五街	1727	117.740895	39.04345
元山里	576	117.27219391828	39.066062181203
富平里	707	117.140018	39.146496
天地源津九轩	935	117.392824	38.985632
新景园	1268	117.300833	39.020412
小镇西西里瑞泰里	240	117.116671	39.037909
黄海里	486	117.276691	39.070557
佳安里	723	117.130753	39.201573
林泉里	76	117.198407	39.1279
科馨公寓	223	117.12749	39.102369
乐余里	120	117.19016	39.130114
京海公寓	292	117.197367	39.115211
鼎成公寓	193	117.198171	39.117489
中兴泊仕湾	240	117.161904	39.18452
中嘉花园绮水苑	570	117.151592	39.182295
龙瀚东园	976	117.288819	39.058998
仁爱濠景庄园天景园	185	117.181854	39.0755
重信公寓	192	117.175474	39.13016
京达明居	5867	117.644767	39.034693
詹安里	934	117.31088	39.0931
凤河孔雀城	1963	116.811014	39.570126
万通华府三期	340	117.716057	39.028878
普康里	1334	117.20980441468	39.210322647106
和盛公寓	1417	117.262573	39.116207
修业里	480	117.212344	39.112974
平湖西里	760	117.167049	39.12366
贻信园	805	117.6550102735	39.036696065856
国宜北里	1332	117.207672	39.197717
星品大厦	440	117.263126	39.126515
天房天和园	868	117.754702	39.129383
亨通花园东区南里	1596	117.02689	39.386177
丹江里	726	117.258778	39.173121
康居园	775	117.671613	39.045931
海颂园	5254	117.309966	39.089463
盛津园	157	117.184753	39.144943
风顺公寓	306	117.171347	39.180435
三育里	205	117.19791	39.13221
富景花园	420	117.174061	39.151919
跃进里(塘沽区)	1080	117.67465113584	39.032994866605
华旺里	341	117.23365	39.145908
迎春里(和平区)	513	117.19538	39.113782
吉万里	298	117.228821	39.113748
蓬莱新里	637	117.20077	39.156421
卫津南路112号	163	117.189234	39.077587
月映苑	172	117.495752	39.194307
富裕大厦	512	117.236534	39.106073
霞光里(北辰)	917	117.143435	39.225929
凤城楼	3289	117.155378	39.191635
华丰家园	1956	117.42469609731	39.181230412872
弘景苑	699	117.723909	39.041878
翰澜苑	620	117.258229	39.14318
东丽湖万科城		[]	
逸园	741	117.3907491282	39.18061120333
卧龙东里	363	117.161551	39.125942
新中里	421	117.194095	39.111637
大沽北路	297	117.217821	39.129265
星河时代	603	117.112786	39.20074
平湖东里	642	117.169381	39.124247
天山里	914	117.27484	39.07387
健强里	660	117.212436	39.103246
惠苑里	1362	117.39380865077	38.996855548361
富源里	690	117.199492	39.075843
华腾里	487	117.233167	39.148923
工业大学家属院	1557	117.247656	39.141711
延川里	435	117.14282	39.147804
中嘉花园秋水苑	802	117.151486	39.179009
李七庄北里	285	117.194116	39.07835
宁夏路	213	117.193329	39.130665
世茂鲲贝园	1165	117.746004	39.117812
水东里	612	117.307016	39.09273
新开里	1822	117.722012	39.011841
远洋未来城		[]	
天津大都会	660	117.194227	39.135925
万科城市之光	1253	117.321526	39.146794
新颜西里	219	117.182419	39.124407
天成轩	328	117.731813	39.025461
建设路	342	117.2222	39.121623
满江里	804	117.261162	39.166296
云居里	301	117.1706	39.132287
荔湾公寓	224	117.213649	39.099941
中嘉花园澄水苑	828	117.150981	39.180771
永进楼	881	117.146136	39.194509
江川北里	318	117.144537	39.11382
菁华津城	506	117.600613	39.038616
畅园	816	117.38837696925	39.186405629029
金尚家园	216	117.21554	39.189706
心源家园	371	117.669161	39.060969
慎兴南里	306	117.184258	39.133687
卫国道	1725	117.238792	39.141883
昔阳东里	516	117.13505	39.139675
兴泰公寓	387	117.171679	39.12852
花语轩	519	117.730344	39.029396
龙意园	192	117.085015	39.319392
瑞兴里	431	117.155804	39.150399
健美里	563	117.214475	39.103063
城投熙和园	959	117.028655	39.400302
川云里	938	117.202515	39.158282
首城南湖1號	1169	117.126011	39.337046
港建里	123	117.232292	39.117897
富方园	1022	117.222169	39.166272
赵苑西里	1249	117.116216	39.157268
奥林花园	1152	117.661216	39.050441
福园里	576	117.67434279406	39.032210474682
天庆里	70	117.228479	39.112099
金钟家园	328	117.203328	39.155677
承德道	451	117.211556	39.131007
绿洲湾8号	1353	116.950825	39.484842
金海岸公寓	388	117.20763	39.15416
沙市道	221	117.197263	39.114101
金灿花园	909	117.222631	39.011201
晓园新邸	954	117.688564	39.03224
森泰小区	364	117.69826166235	39.042674324369
泰达国际会馆	221	117.177909	39.105394
德才里	186	117.1941190005	39.104520100294
立达博雅苑	332	117.247919	39.03126
欣湖苑	629	117.39522084102	39.173176838088
金山里	622	117.195058	39.094912
中心北路	886	117.66199994811	39.040267158737
星澜园	288	117.166466	39.133567
林容里	420	117.220166	39.158932
佳平里	850	117.134196	39.196588
洛卡小镇逸境园	423	117.223333	39.032339
远雄兰苑	954	117.760055	39.133715
临江里	1195	117.160455	39.132819
堤东里	195	117.155618	39.102552
佳春里	1182	117.13861	39.202204
鸿正绿色家园	1237	117.656463	39.052115
靖辰南里	700	117.25118345163	39.175462813869
延德里	45	117.204691	39.118726
宇泰家园	2378	117.219935	39.034805
赛顿大厦	532	117.198907	39.112653
武昌路	118	117.20404	39.11803
聚龙公寓	234	117.219675	39.108368
地毯楼	128	117.208956	39.104456
新立里	251	117.228646	39.115535
新欣里	299	117.190944	39.119521
福园	707	117.38265835267	39.180655655172
泰安道	1017	117.214614	39.123293
云景大厦	394	117.231164	39.110888
引河南里	857	117.127224	39.240159
宝能城	1833	117.33238068205	39.187553703958
东盈园	402	117.236434	39.14645
金辉里	699	117.204388	39.160555
梧桐公馆顺宁里	132	117.159798	39.088629
扬州里	73	117.227395	39.122029
福庭里	399	117.29825	39.095048
宜宾北里	335	117.151977	39.1344
御景园邸	409	117.697048	39.03587
白楼名邸	52	117.228065	39.118467
华莹里	414	117.225097	39.153197
十三经路18号院	747	117.231004	39.123813
新开路355号	390	117.232902	39.13829
桃江里	546	117.221367	39.085982
建设楼(河西区)	282	117.238174	39.10127
锦江里	539	117.265691	39.169492
建邦时代汇	1097	117.393825	39.17403
天房璟悦府	2950	117.116398	39.215509
海润公寓	122	117.245035	39.104894
美荷苑	137	117.242673	39.100712
大直沽后台	2110	117.250256	39.121301
昌源公寓	625	117.291257753	39.068026809536
红树湾花园	958	117.755067	39.126179
泰兴公寓	858	117.255904	39.162149
青春南里	550	117.175448	39.175429
翔宇大厦	216	117.181783	39.136527
年德里	645	117.20458	39.082118
琼州道	134	117.222213	39.109247
碧桂园海昌天澜	2039	117.67487	38.998867
水榭花园	193	117.176534	39.101716
春光楼	342	117.190113	39.106091
宾西楼	888	117.21023	39.088388
吉安里(塘沽区)	787	117.668974	39.041524
观澜苑	253	117.499148	39.186252
友城名居	106	117.211055	39.105635
依仁新里	109	117.194198	39.133416
天合家园	233	117.357381	39.084778
尚海园	681	117.728567	39.010292
万春美钻时代	204	117.220317	39.150259
金玫瑰公寓	228	117.237903	39.12513
志善里	214	117.194388	39.130559
龙兴里	301	117.161285	39.115143
芳云园	816	117.71327281377	39.018393123763
爱民里	540	117.656292	39.026139
泰兴里	908	117.3307098327	39.093247040387
天成公寓	602	117.208242	39.08839
红磡领世郡康桥园	52	117.27964483339	39.033921297189
贻芳嘉园	1108	117.71707604638	39.016473434798
乡宁里	645	117.133728	39.146461
阿亚拉雅境	714	117.74694	39.12564
地环里	333	117.156274	39.125309
富锦里	543	117.199616	39.076982
新海大厦	177	117.237728	39.106828
贵阳公寓	36	117.198256	39.121134
环湖西里	381	117.188765	39.087733
天安珑园	872	117.029846	39.099813
惠裕里	816	117.391939	38.999869
瑞泰公寓	210	117.26862	39.070361
天房意墅	580	117.301711	39.016842
和富里	522	117.157549	39.182959
双山里	741	117.270475	39.0686
彰武楼	1598	117.150801	39.189825
电台道	307	117.189003	39.115435
涪江北里	1532	117.253645	39.169919
瞰海品筑	186	117.165826	39.186218
大连道(和平区)	144	117.218796	39.130245
格调绮园	1036	117.244452	39.083641
富泰兴园	364	117.151458	39.158191
水云花园	129	117.164093	39.089455
祈和新苑	252	117.24614	39.148384
乐民里	53	117.201764	39.111298
北仑里	1581	117.71652295596	39.012572228192
同心楼	1146	117.154804	39.186222
翠萍园	437	117.227934	39.194185
美韵家园	816	117.675083	39.057509
金海花园(塘沽区)	474	117.682172	39.030685
安悦园	389	117.20596602486	39.208231085726
雍鑫莱茵翠景	1008	117.024133	39.394417
佳欣里	818	117.133614	39.197542
北辰大厦	642	117.134984	39.227458
景隆大厦	168	117.21774	39.112484
银达公寓	267	117.187445	39.118376
南浦大厦	132	117.223012	39.116865
荣鑫园	603	117.69328	39.031156
军星名苑	445	117.268909	39.107129
西安道	29	117.211646	39.122225
方正中心大厦	68	117.176476	39.142921
规划里	111	117.1976	39.111406
欧澜家园	406	117.155547	39.193257
万科新城紫薇苑	215	117.214142	39.217913
珠江里(河西区)	1320	117.257221	39.067536
富满里	378	117.197585	39.076109
玉盛里	222	117.231187	39.109268
风范新苑	144	117.181232	39.090235
泰昌西里	187	117.264163	39.130447
博美园	300	117.69727	39.038838
庆合里	45	117.203458	39.118775
月荷苑	172	117.499867	39.192262
亿博香墅里	548	116.960096	39.404121
轻纸楼	84	117.208855	39.102391
金御瞰景	854	117.380262	38.992586
傲景园	624	117.71197543388	39.043890256555
京燕大厦	379	117.18511	39.10503
海源公寓	632	117.153636	39.16801
普明里丁区	465	117.38862674613	38.987212239811
明珠湾	728	117.734549	39.029259
坤园	736	117.38656469533	39.185152596259
津滨滨海国际1期	366	117.724638	39.021744
寿安里	270	117.199657	39.114409
本溪花园	715	117.142031	39.184777
微山东里	937	117.26998924304	39.078024677518
合生君景湾	1376	117.743153	39.032317
东明里	722	117.194303	39.180743
静湖花园西区	2442	117.093215	39.34548
君利新家园	1212	117.089403	39.31852
上江花园	464	117.265502	39.173037
季景华庭	808	117.756851	39.124149
福松源庄	3012	117.293317	39.060895
金地长湖湾	855	117.15547	38.913707
复地温莎堡红庭	713	117.41044	39.147899
玉山里	919	117.248744	39.155673
博彩公寓	287	117.181025	39.087592
彭山里	342	117.27420575569	39.06468170144
金辰园	468	117.206809	39.156827
双赢大厦	126	117.222381	39.146622
志成东里	605	117.209803	39.180156
畅月里	930	117.49921352687	39.050815403488
连云里(河西区)	306	117.228933	39.120837
望海大厦	303	117.200733	39.154624
满园里	789	117.230247	39.169646
万科新城铃兰苑	147	117.215367	39.214222
津中里	139	117.200055	39.117984
佳和雅庭	1524	117.266959	39.000388
锦绣园(塘沽区)	434	117.66704181685	39.032218777183
合景御华园	874	117.288847	39.013712
旭日里	1050	117.14542	39.224902
气象西里	263	117.192114	39.115896
香缇花园	714	117.286804	39.168566
洪湖雅园	270	117.16771434296	39.176438188319
和平公寓	195	117.212581	39.106772
长宁里	700	117.168046	39.132427
澳光大厦	300	117.230649	39.103921
瀛洲里	507	117.135195	39.232415
茂祥园	979	117.085024	39.333005
引河里	1242	117.127127	39.243004
荣翔园	1764	117.09977	39.221022
近营里	552	117.256525	39.158688
香堤庭院	571	117.046477	39.073161
龙江里	968	117.25753578383	39.063568347232
北岸尚城	2114	117.017292	39.390601
信福里	24	117.203478	39.118971
六纬路	2266	117.223043	39.13689
万科双子座	456	117.734421	39.041306
陕西路	181	117.193063	39.131539
友爱东道	1420	117.27565948862	39.106882158442
惠君园	772	117.302644	39.055944
锦江北里	795	117.265465	39.170332
科艺里	432	117.236861	39.098196
义达里	40	117.208853	39.121546
昆峰里	100	117.216171	39.161107
福方里	125	117.194771	39.132911
宝澜园	138	117.243472	39.097562
瑞泽园	132	117.154365	39.078882
胜利公寓	534	117.660636	39.034933
居贤里	180	117.185943	39.093886
东方名居	544	117.692473	39.037684
永丰楼(红桥区)	751	117.152509	39.193635
丹东里	872	117.66222151617	39.025189220187
贻丰家园	929	117.675076	39.043969
惠民里	379	117.194865	39.114777
幸福南里	485	117.161797	39.14595
芥园西里	492	117.13003	39.150084
风尚公寓	366	117.169066	39.179307
苏堤西里	463	117.158962	39.132833
美满里	399	117.239776	39.097428
红顶花园北园	253	117.273461	39.147461
光华公寓	526	117.257184	39.099815
九州创意园	1132	117.315673	39.049409
翔园	647	117.38460312535	39.182093686649
福缘里	86	117.197841	39.128956
静湖花园东区	2726	117.101614	39.347539
佳园新里	605	117.129324	39.19987
盛世家园	1560	117.036902	39.387568
泰富橄榄树	4095	117.3864674445	39.553852027924
王顶堤故里	548	117.143675	39.102826
凯旋门大厦	266	117.223689	39.120693
麦收国际公寓	208	117.23072	39.101145
丰瑞里	258	117.236588	39.122148
鼎发家园	574	117.141706	39.159687
宇轩里	568	117.201193	39.165408
日光里	875	117.206217	39.165059
靖江雅园	500	117.253075	39.156554
胜天里	857	117.20167	39.163527
碧水庄园	725	117.672448	38.996736
爱丽家园东区	405	117.71917	39.037061
湘潭东里	762	117.1597	39.167048
红楼里	769	117.226921	39.094671
泰来东里	630	117.141775	39.235829
津塘路187号	585	117.31138470342	39.099047782003
辰良里	357	117.205368	39.170408
芳林泰达园	339	117.709117	39.036171
云阳里	684	117.140008	39.14779
乌江南里	600	117.255111	39.173282
艺苑里	1099	117.252839	39.118593
翠亨村E区	360	117.715161	39.038664
天房锦园	316	117.429189	39.175037
天辰公寓	960	117.127802	39.238876
星宇花园	1977	117.404835	38.994122
宜昌北里	391	117.194576	39.114142
环湖北里	346	117.190876	39.09028
美坪园	683	117.145975	39.119558
福山里	1035	117.32572052482	39.091951765878
欢颜东里	997	117.151037	39.217666
季景馨园	644	117.317248	39.145896
靖江南里	1020	117.25094	39.170947
集贤里(西青区)	810	117.189041	39.069061
恒山里	1074	117.27017634871	39.075820752097
金海花园(河北区)	217	117.208994	39.158708
卓达三溪塘	665	116.938363	39.664526
雅居花园	125	117.148994	39.074513
新光里	180	117.166739	39.143867
兴泰北里	203	117.171665	39.127396
时代大厦	720	117.667976	39.03313
包头道	150	117.194963	39.131937
烟台道(和平区)	150	117.220238	39.127235
沁园	291	117.703905	39.038889
春柳公寓	340	117.21285	39.164835
怡祥园	384	117.239026	39.131286
原平里	556	117.137833	39.148521
环卫楼	330	117.25285	39.143033
宜禾红橡公园二期	860	117.765736	39.123057
汾阳里	374	117.15982	39.147821
礼貌楼	1126	117.165854	39.176443
云龙南里	312	117.145104	39.125584
福旺花园	282	117.234293	39.148398
延长里	768	117.120894	39.141872
中环福境	596	117.19953345499	39.190931451109
玛歌庄园	46	117.23149800393	39.005331433891
辽宁里	550	117.66685261714	39.041034764494
连富里	312	117.158943	39.182166
泰安里(东丽区)	909	117.323439	39.093425
高风里	433	117.20103	39.083524
瑞通里	816	117.124294	39.196729
普旺里	780	117.20769	39.205761
月伴湾	763	117.088168	39.317058
艳益家园	524	117.22406	39.180281
环盛里	1098	117.236056	39.164604
首玺	684	117.748188	39.123044
来福西里	133	117.177903	39.101845
松乐里	143	117.199359	39.111455
绍兴道	203	117.23331	39.11734
迎福里	854	117.225883	39.159107
天润里	72	117.231502	39.101279
庆达园	156	117.146405	39.148944
阳光太阳城	380	117.009796	39.171651
榕江里	240	117.27958847154	39.072323074562
嘉禧园	183	117.251756	39.133273
敦煌楼	981	117.16323	39.176072
天桂里	876	117.18494	39.159995
福宏里	120	117.157791	39.102878
宁桥里	666	117.245917	39.18154
盛世馨园	801	117.022596	39.392315
城建里	70	117.192829	39.134043
芳菲苑	1629	117.141274	39.424228
禾园	352	117.38564653414	39.176214087263
金谷里	347	117.207662	39.155882
江苏路	207	117.228947	39.120403
贤达里	456	117.203495	39.083437
翠亨村B区	799	117.712315	39.039468
三省里	808	117.229642	39.134162
元吉里	671	117.20247	39.161118
真理园	570	117.261154	39.159093
津门里	1429	117.318096	39.090997
川江里	1053	117.26073908513	39.06543110211
万平里	486	117.269594	39.132553
科园公寓	967	117.141839	39.161855
平定里	264	117.138885	39.149392
玉鼎大厦	270	117.197875	39.147979
兴泰南里	386	117.169865	39.125521
御溪苑	584	117.082805	39.329705
伴景湾家园	924	117.72287183427	39.038733744628
順驰城市艺墅	843	117.037899	39.378629
颐安花园西区	2533	117.043929	39.377262
米兰公寓	56	117.208201	39.143019
起发里	182	117.198087	39.113523
纽约公寓	621	117.122443	39.104334
永利花园	420	117.6769644226	39.025551064429
红磡领世郡新悦亭	174	117.283962	39.030559
翠亨村A区	610	117.710571	39.040272
金玖家园	456	117.161469	39.20518
兴旺里(西青区)	187	117.108255	39.039181
幸福家园（塘沽）	564	117.700146	39.016855
福建里	702	117.65167211193	39.027265600694
微山里	827	117.27028	39.074164
怡景花园	270	117.006122	39.294699
普天里	1378	117.18711	39.19658
如东里	685	117.246492	39.160771
翠峰里	185	117.168441	39.128747
怀园	714	117.39240893539	39.179274166422
锦绣花园	1305	117.03450947484	39.143428466323
钱隆学府	1615	117.404019	38.964334
流霞里	1180	117.181923	39.17351
中山大厦	388	117.210004	39.169884
宜昌里	756	117.66630899808	39.044114133603
鼎泰大厦	420	117.236538	39.132042
团结里	1008	117.512873	38.7396
雍盛花苑	460	116.962294	39.245957
贻东园	1083	117.67582275592	39.036719655466
溪茗园	1229	117.10221	39.131042
昆仑中心	816	117.210244	39.110137
更生里	43	117.200852	39.110767
红霞里(津南区)	745	117.38684676601	38.990840950298
围堤道200号	132	117.207234	39.106622
靖江鑫园	396	117.255483	39.157059
照明北里	130	117.384785	38.995885
迎安里	214	117.20891	39.143103
随园里	269	117.206689	39.083325
月牙河东里	486	117.277752	39.131776
延安楼	1032	117.131462	39.146794
万科新城紫荆苑	202	117.213332	39.216783
兴泰园	354	117.170488	39.128068
万新公寓	720	117.287066	39.13298
植物园东里	1251	117.15866941761	39.174737442826
美震瑞景时代	1274	117.099683	39.21947
波莹公寓	626	117.23126441388	39.155825234882
保山北里	450	117.15171	39.112442
锦西里	282	117.1413299422	39.191267152285
长江里	958	117.16183	39.134239
静怡里小区	550	117.37312698439	39.021830418158
华宜里	1445	117.212217	39.194431
翠湾花园	94	117.183134	39.091968
冠华公寓	291	117.23243	39.133427
东锦里	950	117.192364	39.184526
左岸名邸	406	117.38246328012	38.999483105788
盛景花园	211	116.99691592626	39.297378406922
天鹅湖1号	1812	117.06287243705	39.420071415259
三戒里	328	117.20152	39.164926
保利梧桐语	2896	117.034578	39.45704
瑞顺里	714	117.121055	39.198542
月韵轩	540	117.731969	39.032254
利康里(和平区)	12	117.20346	39.119106
八方观园	425	117.68267	38.985353
岳阳里	65	117.201664	39.116312
南宁路	35	117.202078	39.121278
航大小区	382	117.353353	39.114014
北岸潞园	288	117.173256	39.174513
积厚里	72	117.228034	39.112974
唐家口南里	618	117.247101	39.13156
西楼后街	174	117.229988	39.10925
迎祥里	426	117.032358	39.122651
紫金山路	620	117.18837	39.101513
新庆里	151	117.175547	39.142583
滇池里	478	117.247119	39.148043
柳兰花苑	1248	117.046488	39.146785
华盛广场	325	117.216682	39.103875
龙陵里	164	117.150622	39.112498
辽河园	864	117.198442	39.206054
中铁十八局集团东区	1113	117.306523	39.068573
曲阜道	309	117.221153	39.123516
中交上东湾	918	117.820295	39.041502
翠金园	654	117.229772	39.194176
金环里(东丽区)	558	117.346060032	39.095704587477
秀芳里	300	117.250237	39.092213
天泉东里	473	117.289586	39.137275
强宜里	1458	117.211276	39.196972
龙居花园6区	324	117.251219	39.027847
宝兴里	732	117.203292	39.163737
汇旺嘉园	466	117.23188182984	39.171032258807
鸿记里	250	117.202509	39.130437
和苑家园尚和园	961	117.124223	39.164079
信恒锦园	1388	117.302124	39.053958
遵义里	824	117.665277	39.038995
集园里	563	117.136417	39.155127
荣馨园	532	117.750758	39.121056
盛世睿园	2560	117.012497	39.393008
新华楼(南开区)	45	117.177888	39.141956
桂林路	140	117.208953	39.115561
择月里	715	117.49644933779	39.051954008934
重建里	54	117.230327	39.116687
蓝海苑	834	117.354293	39.112337
康舜里	134	117.165945	39.135457
药研里	48	117.200219	39.109073
福升园	1320	117.628501	39.03974
贻泽园	340	117.729021	39.014237
灵峰里	338	117.173348	39.124254
嫩江里	719	117.260311	39.063789
军民里	704	117.19847	39.163555
青云里	1237	117.0211998704	39.151167856
浮德里	336	117.201651	39.130803
岳阳里(塘沽区)	812	117.687005	39.015735
雍大阳光花园	109	117.004682	39.296976
宾馆温泉公寓	322	117.207436	39.089237
荷月里	804	117.49658824039	39.05460176113
华湖苑	740	117.39560404869	39.175828838251
桐景园	796	117.71259990036	39.046537133646
新津里	343	117.203918	39.131909
红波公寓	185	117.221279	39.104453
健强新里	226	117.211349	39.102238
阳光新园	228	117.70150645996	39.036864867888
云南路	56	117.200628	39.116424
月梦园	464	117.243075	39.16601
迎宾园	1157	117.662274	39.064092
林盛里	456	117.245251	39.125197
嘉汇园	698	117.114802	39.154631
龙顺御墅	259	117.107872	39.265798
盈月公寓	83	117.215926	39.153435
金明里	454	117.202802	39.157443
世茂璀璨公园		[]	
澳景大厦	145	117.230254	39.104933
育红东里	936	117.230463	39.175687
荣雅园	1818	117.095048	39.221626
冬云家园	610	117.12962	39.158719
太谷公寓	255	117.154133	39.147776
曹庄欣苑	4316	117.091751	39.14658
韶山道	565	117.24161099186	39.138447603233
天沽公寓	151	117.198137	39.159089
愿景家园	169	117.165607	39.185509
贻兴园	420	117.65151343106	39.042520177464
林语花园	568	117.093894	39.548187
惠禧温泉公寓	192	117.213035	39.106975
宏达园	724	117.67454824387	39.050900560759
金山里(东丽区)	492	117.345353	39.093894
兴姜里	1007	117.110809	39.139524
天物轩宇嘉园	830	117.168908	39.208187
大通公寓	181	117.153277	39.142739
华昌大厦	260	117.192643	39.090329
昱发园	141	117.274028	39.143856
择仁里	802	117.212186	39.170377
庆云里	17	117.21595	39.121438
华开里	750	117.71514145827	39.010794703339
光明里(河西区)	1768	117.231749	39.090469
体院宿舍	636	117.195305	39.08236
朗钜水镜天苑	130	117.498643	39.195875
津淄里	78	117.189644	39.090322
普兴里	954	117.203551	39.199842
顺达公寓	288	117.269666	39.147171
长青北里	1106	117.233767	39.176002
泽信金汇湾	2275	117.080593	39.395457
万科紫台		[]	
兴康里	56	117.193405	39.116617
北大资源阅城	949	117.248059	39.084327
春荣里	210	117.19977	39.130091
平山道	227	117.190342	39.103162
普达里	630	117.207197	39.207695
海益国际	532	117.122778	39.10433
贻成峰景	1093	117.653319	39.058791
正兴里	1241	117.2283	39.156799
大江北里	745	117.262619	39.170611
照明南里	193	117.385626	38.993443
美好东里	212	117.244155	39.097352
曙光里(河西区)	685	117.23205	39.092963
广达商城	537	117.65588657877	39.043437942942
翰园东里	361	117.148438	39.145824
花明园	289	117.688079	39.043917
向阳里(塘沽)	852	117.66015273381	39.025597966326
七纬路	1680	117.233109	39.127099
辰发花园	1944	117.169242	39.197905
松鹤园	1209	117.045382	39.380294
天赋里	577	117.202514	39.081596
梅尚国际住区	1370	117.200806	39.397514
吉泰花园	374	117.190674	39.176478
新建里(塘沽区)	528	117.643323	39.047783
恒春里	1062	117.144231	39.202589
碧春园	11756	117.140842	39.205748
天骄园	238	117.199365	39.097671
景明大厦	930	117.38871	39.002986
爱俪园	88	117.174637	39.101635
湛江里	262	117.65980216866	39.043853235554
兴润公寓	73	117.193487	39.122869
海兰公寓	138	117.241042	39.153861
滨瑕里	482	117.50964978968	39.049116474845
吉兴大厦	268	117.201024	39.077727
开封道	611	117.227185	39.124065
林城佳苑	1466	117.28746867741	39.049466359113
爱丽家园西区	405	117.716635	39.037979
超英家园	159	117.156533	39.087711
晨悦大厦	276	117.205729	39.16815
居祥南里	151	117.186158	39.095517
养和里	161	117.221158	39.122691
正德里	759	117.657603	39.021685
祥和新园	480	117.706359	39.014321
电传所路1号院	527	117.299695	39.100186
文明里	1226	117.66094756574	39.048973292849
海逸王墅	86	117.21871	39.060021
紫竹华庭	1864	117.646417	39.03533
宜兰里	544	117.1546	39.156218
春风里(塘沽区)	501	117.704275	39.012589
滨府里	115	117.199854	39.131181
鲲玉园	775	117.745921	39.121075
碧水里	332	117.224646	39.157044
小镇西西里聚贤里	447	117.118153	39.037362
鸿坤原乡小镇	1909	117.42246249057	39.504493428617
金筑家园	874	117.148658	39.169464
新湾花园南园	1510	117.073129	39.36303
新兴西里	895	117.506674	38.744221
泽园公寓	340	117.229967	39.171681
文江里	2575	117.263147	39.172716
静安北里	250	117.158137	39.159296
福苑小区	1293	117.059128	39.371596
新城樾风华		[]	
和平翰林公馆	3352	117.204087	39.125129
鸿泰花园别墅	278	117.709653	39.029459
三德里	245	117.214825	39.110704
照湖西里	102	117.163485	39.11746
求是里	466	117.200765	39.162142
映湖苑	230	117.509995	39.182859
金梦园	232	117.20429	39.156533
恋日花园	116	117.24024329074	39.15296928147
新兴里(塘沽区)	614	117.6513417246	39.025713682082
真诚里	1172	117.22930800415	39.153997982198
劳卫里	205	117.2018	39.104359
清水园	656	117.226601	39.160464
密云里	549	117.13415	39.149084
听涛苑	1417	117.715751	38.965905
中盈小区	408	117.70453073061	39.04234554134
美园里	125	117.165001	39.097491
安泽园	180	117.140661	39.15128
建姜西里	840	117.111574	39.138741
北洋花园东悦里	475	117.1867	39.182742
文才公寓	300	117.237999	39.083237
大江南里	738	117.262829	39.166212
泰来里	390	117.186484	39.189321
南海里	516	117.27853	39.070299
昆仑北里C区	1134	117.28178758724	39.1293837963
泉清家园	324	117.232222	39.1564
吉祥里	908	117.673549	39.024965
金兰园	180	117.209282	39.160988
秀茵明居	606	117.227076	39.161499
首创大河公馆		[]	
绚丽园	1280	117.225528	39.137248
庆泰里	161	117.202521	39.127704
哈尔滨道	335	117.204401	39.126528
天惠小区	99	117.23787	39.101558
元贺里	273	117.195377	39.1651
碧泉花园	708	117.03042854262	39.14092849502
向阳楼	2875	117.247236	39.144131
华记里	112	117.232688	39.10652
秀园里	298	117.67338130437	39.031540871254
溪波里	763	117.229903	39.157078
锦绣园(河北区)	198	117.209872	39.167758
河畔馨居	104	117.093495	39.138563
程光楼	983	117.15125	39.188291
美阳馨苑	270	117.200646	39.201996
垣焕里	1303	117.239768	39.160604
双威悦馨苑	546	117.769119	39.139654
善安里	268	117.207373	39.145663
金泰新村	770	117.668425	39.021846
云峰楼	104	117.217335	39.121882
奥莱城	650	117.637665	39.070864
联合里	465	117.239751	39.100501
红旗北里	504	117.221105	39.087144
梦和园	2126	117.11607130104	39.168922064628
富民东里	468	117.259893	39.103581
漓江里(河西区)	1120	117.25753807325	39.065377063432
青翠园	558	117.137751	39.243086
族谊里	684	117.178204	39.148377
金联公寓	505	117.162002	39.159436
富力津门湖橘墅花园	248	117.210607	39.054847
青春里	664	117.177031	39.176932
橙圃园	696	117.134499	39.242465
怒江里	1223	117.253248	39.162149
福源公寓(红桥)	642	117.16049	39.189045
颐安花园东区	1134	117.052418	39.374139
东海里	448	117.277032	39.071227
二贤里	596	117.202924	39.163604
安泰小区	1417	117.525935	38.689915
佳闻公寓	158	117.160747	39.098331
凌霄里	18	117.185228	39.074527
爱华里	1043	117.193966	39.153208
立生东里	48	117.22826	39.112778
昆明公寓	240	117.196464	39.117298
海泰海港花园	1887	117.702955	38.923392
耕耘里	126	117.178525	39.133847
碧景园	57	117.123851	39.111938
清化里	198	117.168921	39.144733
利华里	30	117.212435	39.11508
万通华府A区	184	117.716217	39.029438
环渤海国际公寓	290	117.202874	39.089601
嘉德园	346	117.692473	39.039149
建平楼	324	117.160228	39.184994
湘南里	78	117.242057	39.104128
民泰里	907	117.67386667179	39.026241846789
雅卉里	153	117.144892	39.15084
二美里	598	117.203601	39.161772
成康里	116	117.19892603315	39.110931129145
航宇公寓	382	117.161305	39.110104
远景庄园	427	117.672507	38.993911
协安里	263	117.197319	39.114366
育才里(津南)	416	117.39066	38.996684
聚鑫园	97	117.221708	39.108589
公馆1882	270	117.212983	39.131486
吉林里	362	117.666345	39.03807
金侨宸公馆	1285	117.163459	39.214613
红勤楼	568	117.160857	39.174883
昆仑北里A区	552	117.280067	39.134123
金沙江里	768	117.251839	39.17338
三商大楼	70	117.224127	39.099325
都旺新城梅芳园	389	117.147843	39.233264
泰达时尚旺角	578	117.727921	39.043093
普发里	528	117.205442	39.206364
颐清花园	497	117.08007	39.333129
开源楼	1076	117.151323	39.191852
英伦假日	508	117.08251	39.341738
富豪新开门	601	117.236744	39.136737
博文苑	244	117.248767	39.032556
亨通花园东区北里	2052	117.029298	39.390327
华屏里	1316	117.233253	39.164548
集贤里(北辰区)	668	117.134476	39.23507
临营东里	366	117.268591	39.156817
名景花园	2101	117.124037	39.160485
仁爱濠景庄园河景园	102	117.180434	39.073554
昌海里	152	117.210933	39.154162
长实别墅	8	117.166732	39.103322
柳景家园	1393	117.310441	39.066457
如皋里	1260	117.246861	39.161562
碧岭园	126	117.118632	39.112318
桃园村大街	112	117.214241	39.112796
云兴家园	297	117.13731	39.159499
融创御澜	637	117.70764999574	39.099739261268
丰年南里	1115	117.347696	39.089132
咸阳南里	810	117.146702	39.129363
福源楼	474	117.160589	39.188559
新馨家园	645	117.641289	39.048421
月皓里	536	117.207121	39.167702
天地源欧筑	721	117.415975	38.951158
川东里	316	117.138471	39.132133
广东山庄路	296	117.24816	39.136887
华智里	248	117.129895	39.145851
原冰里	786	117.243383	39.176988
宾泰公寓	450	117.20283	39.08874
冬云里	877	117.127391	39.158338
林景家园	941	117.30214	39.076583
水上公寓	399	117.184503	39.103647
津铁泰苑	601	117.189821	39.176465
江浦里	90	117.227467	39.118257
大直沽后街	204	117.242574	39.116677
蓬仁园	218	117.706898	39.038476
任贤东里	276	117.213091	39.186446
平江南里	1744	117.228339	39.086878
东兴园	552	117.261307	39.118656
明珠园	194	117.706564	39.036452
华鹊里	84	117.157571	39.120993
柳馨园	660	117.02692547025	39.12236197006
紫云华庭	300	117.703704	39.015822
众智园	348	117.65088702826	39.040693832816
延川北里	120	117.14287	39.148965
汇通大厦	96	117.225434	39.118034
普东新苑	1515	117.206665	39.195093
金福里(南开区)	627	117.189374	39.075713
安居原尚园	394	117.42558	39.170544
富诚东里	297	117.196294	39.075024
珠江里(塘沽区)	1246	117.647746	39.045283
进步里（南开区）	291	117.158457	39.143879
海韵园(塘沽区)	390	117.66628	39.022246
香港花园B区	102	117.363516	39.082719
普天东里	1198	117.191829	39.195904
丁字沽十二段	820	117.162351	39.191619
清源楼	2418	117.154379	39.189454
向阳小区	395	117.140701	39.150529
气象台路	444	117.192597	39.110753
梧桐公社	565	117.106308	38.84641
花溪畔	782	117.093401	39.339719
文安里	1310	117.6623982841	39.046889201497
雅静园	1527	117.063784	39.370741
乐桥里	643	117.24662471764	39.18110683081
美化里	180	117.24059	39.102104
天津恒大帝景	1102	117.269119	39.091356
宁城楼	1026	117.150097	39.188741
融创臻园		[]	
北岸中心		[]	
欣桃园	2808	117.330671	39.054382
青岛道	120	117.218378	39.125218
鼎福汇	325	117.179903	39.142509
鑫港园	1578	117.326035	39.040779
新华大厦	132	117.213916	39.126039
东风巷	120	117.183103	39.123653
同康里	112	117.197843	39.114773
古芳里	2503	117.253651	39.090088
再兴里	108	117.231467	39.140011
鸿泰公寓	225	117.710958	39.035428
汇泉园	744	117.700103	39.042381
都旺新城竹芳园	628	117.148294	39.231184
永康里	892	117.66134235926	39.023287283531
锦州道	139	117.199094	39.125689
博泰大厦	160	117.186515	39.132652
云居公寓	180	117.171711	39.131797
中山门四号路	1582	117.27613990913	39.107955936562
港基中心	657	117.308339	39.050488
育文坊	9	117.20603	39.115929
富民里	1814	117.056832	39.37058
徐州里	598	117.65862300531	39.043028243749
东昌里	806	117.192478	39.182057
馨苑新城	331	117.701651	39.015988
焕玉公寓	170	117.241056	39.156743
桓仁楼	1180	117.146232	39.192495
和苑家园雅和园	1644	117.121778	39.164818
津滨藏锦	394	117.724257	39.020153
海泰渤龙湾	4770	117.528991	39.139965
琴江公寓	1309	117.26427	39.17552
河南路	94	117.196818	39.132273
东华里	502	117.189023	39.179324
日照公寓	305	117.202783	39.166989
福慧花园	695	117.727529	39.009566
五一阳光锦园	2714	117.081289	39.373794
远洋心里	1680	117.720485	39.017217
兴华里(塘沽区)	927	117.652973	39.046062
万城聚豪	1654	117.109754	39.342485
天房天泰	1770	117.181699	39.190066
积余里	13	117.2299	39.114149
海天国际公寓鑫湖园	640	117.175717	39.078064
元康里	162	117.202009	39.159915
王兰庄花园	4020	117.19808	39.059876
房信彩虹城	1746	117.27202	39.016218
龙湖天宸原著	499	117.365938	38.987094
义顺里	24	117.203448	39.118579
长乐里	14	117.203579	39.113404
中钢大厦	82	117.229458	39.103014
中国石油住宅区	491	117.65502373027	39.041044369532
五矿正信林溪地	265	117.014474	39.176876
红专公寓	401	117.234884	39.092742
健全里	253	117.21337	39.102252
美晨家园	389	117.658248	39.022612
华庭豪苑	514	117.048041	39.372939
世纪新苑	1236	117.02148117317	39.144399185438
翠亨花园南里	576	117.032766	39.378362
瀛台里	553	117.137606	39.230307
金华里(东丽区)	756	117.31591000775	39.094134501204
馨宇家园	1745	117.70842468062	39.114060867242
泰通公寓	552	117.287424	39.12713
东秀里	400	117.190116	39.18096
金霞里	209	117.208944	39.159807
河畔公寓	180	117.26695	39.085478
十二经路13	516	117.23677368146	39.128432958738
赛德广场	362	117.155014	39.118453
泰达御景	438	117.712882	39.118192
仰止坊	64	117.194133	39.131984
谊厚公寓	108	117.219364	39.087197
丹凤里	624	117.144389	39.228792
程光里	393	117.151297	39.18748
红波西里	1203	117.23751013289	39.177896545544
京基嶺域	497	117.30422814203	38.984681200987
四季雅苑	408	117.648025	39.038666
永德街	144	117.180909	39.126109
华富家园北区	1346	117.43573590932	39.179131135423
万丽国际公寓	245	117.693979	39.033123
万辰金色家园	820	116.9337	39.17761
和进里	4132	117.256574	39.115371
葆节楼	1295	117.165278	39.174065
建筑设计院	242	117.192818	39.097631
中海金湖湾	1172	117.644521	39.063341
平江北里	518	117.22835671489	39.091004457222
栖仙温泉公寓东区	1186	117.057015	39.390335
颂贤里	541	117.218396	39.188398
迁安里	297	117.673857	39.045639
临潼东里	303	117.151768	39.146615
翠景园	1122	117.036197	39.3839
翠亨村C区	204	117.710582	39.038382
泰丰家园二期	357	117.717319	39.046999
月牙河北里	605	117.25375698008	39.173130971189
天悦风华	192	117.370812	38.986965
逸庭苑大厦	216	117.227002	39.1303
广发楼	45	117.223107	39.117698
荣芳里	184	117.229379	39.131815
嵩山里	375	117.242012	39.159436
川南公寓	191	117.134075	39.12988
平利里	216	117.147992	39.139311
长泰公寓	156	117.244765	39.09705
平遥里	204	117.139436	39.148503
水景花都	875	117.643866	39.043469
兆发家园	461	117.116725	39.155561
金都花园	1380	117.031748	39.399116
欢颜里	1318	117.246962	39.155337
福明里	96	117.195759	39.132522
美树丽舍	59	117.205049	39.215671
金宝公寓	77	117.214726	39.129759
正义里	741	117.66072059274	39.020780824419
正和公寓	98	117.199737	39.118289
静墅里	265	117.252988	39.134701
胡北小镇	1034	117.623626	39.043132
柳溪苑	1446	117.010013	39.143861
佳庆里	706	117.140328	39.197874
宜白南里	648	117.217152	39.197755
天津海航城	1294	117.455229	39.237169
卧龙园	305	117.671601	39.050371
常熟北里	683	117.3426330139	39.091174055843
海上国际城	2986	117.413396	39.179342
捷达园	153	117.694207	39.043368
环江里	558	117.255025	39.175198
湘江里	1068	117.649582	39.047734
新华里(北辰区)	922	117.144556	39.222683
暖香里	632	117.130355	39.195549
旭光里	120	117.213491	39.098123
金地平山印	1	117.192898	39.102644
天津恒大御景湾	853	117.190077	39.231902
永安里(津南区)	194	117.390299	38.991705
柳江南里	84	117.214861	39.081582
翰园里	599	117.147366	39.144828
阳光南园	180	117.6958207886	39.029776635845
香榭丽舍	188	117.653046	39.028987
日升里	228	117.202692	39.169059
星缘东轩	343	117.733001	39.029375
君悦府	464	117.409088	38.99593
新基业大厦	432	117.174798	39.181516
印江南里	806	117.257538	39.165835
保靖里	421	117.23165	39.134377
石油新村3区	1960	117.698108	38.981287
润泉公寓	417	117.231915	39.126284
甘肃路(和平区)	92	117.197191	39.127835
隆翔嘉园	192	117.181409	39.139368
和谐园	1613	117.677123	38.988669
阅海名筑	454	117.71035872568	39.110386952444
民建北里	362	117.163615	39.131766
乌江北里	615	117.25722	39.175848
世茂玖熙	527	117.760473	39.120031
福居公寓北区	393	117.154714	39.181078
红云新里	499	117.139341	39.235653
市政楼	799	117.239597	39.143628
泗阳里	1180	117.22794334863	39.181997097976
鞍山道	807	117.197703	39.130381
芳景明居	356	117.229091	39.163583
昌图楼	962	117.149749	39.194001
千间小区	2021	117.72438505896	39.004551588666
国强里	917	117.262009	39.113556
怡寿里	5	117.207217	39.116274
通泰香滨城	1029	117.070992	39.368304
大直沽六号路	546	117.24261433382	39.113704582385
尚港华府	602	116.958829	39.245911
金侨大道	1014	117.018797	39.427506
成山公馆	145	117.210184	39.121602
学府花园	1681	117.162223	39.10981
金光里	214	117.226611	39.093522
华迪园	211	117.197606	39.184635
丁字沽七段	456	117.162089	39.183965
闻喜里	271	117.154818	39.144374
东兴里	1817	117.09631	39.134428
北海里	54	117.248853	39.137527
融创东岸名郡	2066	117.101202	39.310195
春畅里	1047	117.125541	39.159282
晟卉花园	700	117.667517	38.995684
滨渠里	153	117.098256	39.096245
风华里	265	117.204224	39.08351
和骏新家园	976	116.847638	39.456119
明溪里	711	117.228102	39.157617
